,Time,T1,T2,Q1,Q2
0,0.0,26.39,26.06,0.0,0.0
1,1.0,26.39,26.39,0.0,0.0
2,2.0,26.39,26.39,0.0,0.0
3,3.0,26.39,26.39,0.0,0.0
4,4.0,26.39,26.39,0.0,0.0
5,5.0,26.39,26.39,0.0,0.0
6,6.0,26.39,26.06,0.0,0.0
7,7.0,26.39,26.39,0.0,0.0
8,8.0,26.39,26.06,0.0,0.0
9,9.0,26.39,26.06,0.0,0.0
10,10.0,26.06,26.39,0.0,0.0
11,11.0,26.06,26.06,0.0,0.0
12,12.0,26.39,26.06,0.0,0.0
13,13.0,26.06,26.39,0.0,0.0
14,14.0,26.39,26.06,0.0,0.0
15,15.0,26.39,26.06,0.0,0.0
16,16.0,26.06,26.39,0.0,0.0
17,17.0,26.06,26.06,0.0,0.0
18,18.0,26.39,26.06,0.0,0.0
19,19.0,26.06,26.06,0.0,0.0
20,20.0,26.39,26.06,0.0,0.0
21,21.0,26.06,26.06,0.0,0.0
22,22.0,26.06,26.06,0.0,0.0
23,23.0,26.06,25.74,0.0,0.0
24,24.0,26.06,26.06,0.0,0.0
25,25.0,26.06,25.74,0.0,0.0
26,26.0,26.06,25.74,0.0,0.0
27,27.0,26.06,26.06,0.0,0.0
28,28.0,26.06,26.06,0.0,0.0
29,29.0,26.06,26.06,0.0,0.0
30,30.0,26.06,26.06,0.0,0.0
31,31.0,26.06,26.06,0.0,0.0
32,32.0,26.06,26.06,0.0,0.0
33,33.0,26.06,25.74,0.0,0.0
34,34.0,25.74,26.06,0.0,0.0
35,35.0,26.06,26.06,0.0,0.0
36,36.0,25.74,26.06,0.0,0.0
37,37.0,26.06,25.74,0.0,0.0
38,38.0,26.06,26.06,0.0,0.0
39,39.0,25.74,26.06,0.0,0.0
40,40.0,26.06,26.06,0.0,0.0
41,41.0,26.06,26.06,0.0,0.0
42,42.0,26.06,26.06,0.0,0.0
43,43.0,25.74,26.06,0.0,0.0
44,44.0,25.74,26.06,0.0,0.0
45,45.0,25.74,25.74,0.0,0.0
46,46.0,25.74,25.74,0.0,0.0
47,47.0,26.06,25.74,0.0,0.0
48,48.0,25.74,25.74,0.0,0.0
49,49.0,25.74,25.74,0.0,0.0
50,50.0,25.74,25.74,0.0,0.0
51,51.0,25.74,25.74,0.0,0.0
52,52.0,25.74,26.06,0.0,0.0
53,53.0,25.74,25.74,0.0,0.0
54,54.0,25.74,25.74,0.0,0.0
55,55.0,25.74,25.74,0.0,0.0
56,56.0,26.06,25.74,0.0,0.0
57,57.0,25.74,26.06,0.0,0.0
58,58.0,25.74,25.74,0.0,0.0
59,59.0,25.74,25.74,0.0,0.0
60,60.0,25.74,25.42,20.0,0.0
61,61.0,25.74,25.74,20.0,0.0
62,62.0,25.74,25.74,20.0,0.0
63,63.0,25.74,25.74,20.0,0.0
64,64.0,25.74,25.74,20.0,0.0
65,65.0,25.42,25.74,20.0,0.0
66,66.0,25.74,25.74,20.0,0.0
67,67.0,25.74,25.74,20.0,0.0
68,68.0,25.74,25.74,20.0,0.0
69,69.0,25.74,25.74,20.0,0.0
70,70.0,25.74,25.42,20.0,0.0
71,71.0,25.74,25.42,20.0,0.0
72,72.0,25.74,25.74,20.0,0.0
73,73.0,26.06,25.42,20.0,0.0
74,74.0,26.06,25.42,20.0,0.0
75,75.0,25.74,25.42,20.0,0.0
76,76.0,26.06,25.42,20.0,0.0
77,77.0,26.06,25.42,20.0,0.0
78,78.0,26.06,25.74,20.0,0.0
79,79.0,26.06,25.42,20.0,0.0
80,80.0,26.06,25.74,20.0,0.0
81,81.0,26.06,25.74,20.0,0.0
82,82.0,26.39,25.42,20.0,0.0
83,83.0,26.39,25.42,20.0,0.0
84,84.0,26.39,25.74,20.0,0.0
85,85.0,26.39,25.1,20.0,0.0
86,86.0,26.39,25.42,20.0,0.0
87,87.0,26.39,25.42,20.0,0.0
88,88.0,26.71,25.42,20.0,0.0
89,89.0,26.71,25.1,20.0,0.0
90,90.0,26.71,25.42,20.0,0.0
91,91.0,27.03,25.42,20.0,0.0
92,92.0,26.71,25.74,20.0,0.0
93,93.0,27.03,25.42,20.0,0.0
94,94.0,27.03,25.42,20.0,0.0
95,95.0,27.03,25.74,20.0,0.0
96,96.0,27.03,25.42,20.0,0.0
97,97.0,27.03,25.74,20.0,0.0
98,98.0,27.03,25.42,20.0,0.0
99,99.0,27.03,25.42,20.0,0.0
100,100.0,27.35,25.42,20.0,0.0
101,101.0,27.35,25.42,20.0,0.0
102,102.0,27.35,25.1,20.0,0.0
103,103.0,27.35,25.42,20.0,0.0
104,104.0,27.35,25.42,20.0,0.0
105,105.0,27.67,25.42,20.0,0.0
106,106.0,27.67,25.42,20.0,0.0
107,107.0,27.67,25.42,20.0,0.0
108,108.0,27.67,25.42,20.0,0.0
109,109.0,28.0,25.42,20.0,0.0
110,110.0,27.67,25.42,20.0,0.0
111,111.0,28.0,25.42,20.0,0.0
112,112.0,28.0,25.42,20.0,0.0
113,113.0,28.0,25.42,20.0,0.0
114,114.0,28.32,25.42,20.0,0.0
115,115.0,28.0,25.42,20.0,0.0
116,116.0,28.32,25.42,20.0,0.0
117,117.0,28.32,25.42,20.0,0.0
118,118.0,28.64,25.42,20.0,0.0
119,119.0,28.32,25.42,20.0,0.0
120,120.0,28.32,25.42,40.0,0.0
121,121.0,28.32,25.74,40.0,0.0
122,122.0,28.32,25.42,40.0,0.0
123,123.0,28.64,25.42,40.0,0.0
124,124.0,28.64,25.42,40.0,0.0
125,125.0,28.96,25.42,40.0,0.0
126,126.0,28.96,25.42,40.0,0.0
127,127.0,28.96,25.42,40.0,0.0
128,128.0,28.96,25.42,40.0,0.0
129,129.0,28.96,25.42,40.0,0.0
130,130.0,29.29,25.42,40.0,0.0
131,131.0,29.29,25.42,40.0,0.0
132,132.0,29.29,25.42,40.0,0.0
133,133.0,29.29,25.42,40.0,0.0
134,134.0,29.61,25.42,40.0,0.0
135,135.0,29.61,25.42,40.0,0.0
136,136.0,29.61,25.42,40.0,0.0
137,137.0,29.93,25.42,40.0,0.0
138,138.0,30.25,25.42,40.0,0.0
139,139.0,30.25,25.42,40.0,0.0
140,140.0,30.25,25.42,40.0,0.0
141,141.0,30.25,25.74,40.0,0.0
142,142.0,30.25,25.42,40.0,0.0
143,143.0,30.57,25.74,40.0,0.0
144,144.0,30.9,25.74,40.0,0.0
145,145.0,30.9,25.74,40.0,0.0
146,146.0,30.9,25.74,40.0,0.0
147,147.0,30.9,25.74,40.0,0.0
148,148.0,31.22,25.42,40.0,0.0
149,149.0,31.22,25.74,40.0,0.0
150,150.0,31.54,25.42,40.0,0.0
151,151.0,31.54,25.42,40.0,0.0
152,152.0,31.86,25.74,40.0,0.0
153,153.0,31.86,26.06,40.0,0.0
154,154.0,31.86,25.42,40.0,0.0
155,155.0,32.19,25.74,40.0,0.0
156,156.0,32.19,25.74,40.0,0.0
157,157.0,32.19,25.42,40.0,0.0
158,158.0,32.51,25.74,40.0,0.0
159,159.0,32.51,25.74,40.0,0.0
160,160.0,32.51,25.42,40.0,0.0
161,161.0,32.83,25.74,40.0,0.0
162,162.0,32.83,25.74,40.0,0.0
163,163.0,33.15,25.74,40.0,0.0
164,164.0,33.15,25.74,40.0,0.0
165,165.0,33.15,25.74,40.0,0.0
166,166.0,33.48,26.06,40.0,0.0
167,167.0,33.48,26.06,40.0,0.0
168,168.0,33.48,25.74,40.0,0.0
169,169.0,33.8,26.06,40.0,0.0
170,170.0,33.8,25.74,40.0,0.0
171,171.0,33.8,25.74,40.0,0.0
172,172.0,34.12,26.06,40.0,0.0
173,173.0,34.44,25.74,40.0,0.0
174,174.0,34.12,26.06,40.0,0.0
175,175.0,34.44,26.06,40.0,0.0
176,176.0,34.76,26.06,40.0,0.0
177,177.0,34.76,26.06,40.0,0.0
178,178.0,34.76,26.06,40.0,0.0
179,179.0,34.76,26.06,40.0,0.0
180,180.0,35.09,25.74,60.0,0.0
181,181.0,35.09,26.06,60.0,0.0
182,182.0,35.09,26.06,60.0,0.0
183,183.0,35.41,26.06,60.0,0.0
184,184.0,35.41,25.74,60.0,0.0
185,185.0,35.41,26.06,60.0,0.0
186,186.0,35.73,25.74,60.0,0.0
187,187.0,35.73,26.06,60.0,0.0
188,188.0,35.73,26.06,60.0,0.0
189,189.0,36.05,26.06,60.0,0.0
190,190.0,36.38,26.06,60.0,0.0
191,191.0,36.38,26.06,60.0,0.0
192,192.0,36.38,26.39,60.0,0.0
193,193.0,36.7,26.39,60.0,0.0
194,194.0,36.38,26.39,60.0,0.0
195,195.0,36.7,26.06,60.0,0.0
196,196.0,37.02,26.06,60.0,0.0
197,197.0,37.02,26.39,60.0,0.0
198,198.0,37.34,26.39,60.0,0.0
199,199.0,37.34,26.06,60.0,0.0
200,200.0,37.34,26.39,60.0,0.0
201,201.0,37.67,26.39,60.0,0.0
202,202.0,37.99,26.39,60.0,0.0
203,203.0,37.99,26.39,60.0,0.0
204,204.0,37.99,26.71,60.0,0.0
205,205.0,38.31,26.71,60.0,0.0
206,206.0,38.95,26.71,60.0,0.0
207,207.0,38.63,26.71,60.0,0.0
208,208.0,38.95,26.71,60.0,0.0
209,209.0,38.95,26.71,60.0,0.0
210,210.0,39.28,26.71,60.0,0.0
211,211.0,39.6,26.71,60.0,0.0
212,212.0,39.6,26.71,60.0,0.0
213,213.0,39.6,26.71,60.0,0.0
214,214.0,39.92,26.71,60.0,0.0
215,215.0,39.92,26.71,60.0,0.0
216,216.0,40.24,26.71,60.0,0.0
217,217.0,40.57,26.71,60.0,0.0
218,218.0,40.57,26.71,60.0,0.0
219,219.0,40.89,26.71,60.0,0.0
220,220.0,40.89,27.03,60.0,0.0
221,221.0,40.89,27.03,60.0,0.0
222,222.0,41.21,27.03,60.0,0.0
223,223.0,41.53,26.71,60.0,0.0
224,224.0,41.53,27.03,60.0,0.0
225,225.0,41.53,27.03,60.0,0.0
226,226.0,41.53,26.71,60.0,0.0
227,227.0,41.86,27.35,60.0,0.0
228,228.0,42.18,27.35,60.0,0.0
229,229.0,42.18,27.03,60.0,0.0
230,230.0,42.5,27.35,60.0,0.0
231,231.0,42.82,27.03,60.0,0.0
232,232.0,42.82,27.35,60.0,0.0
233,233.0,43.14,27.35,60.0,0.0
234,234.0,43.14,27.67,60.0,0.0
235,235.0,43.14,27.03,60.0,0.0
236,236.0,43.14,27.35,60.0,0.0
237,237.0,43.47,27.35,60.0,0.0
238,238.0,43.47,27.67,60.0,0.0
239,239.0,43.79,27.67,60.0,0.0
240,240.0,43.79,27.35,80.0,0.0
241,241.0,43.79,27.67,80.0,0.0
242,242.0,44.11,27.35,80.0,0.0
243,243.0,44.11,27.67,80.0,0.0
244,244.0,44.43,27.67,80.0,0.0
245,245.0,44.76,28.0,80.0,0.0
246,246.0,44.76,28.0,80.0,0.0
247,247.0,45.08,27.67,80.0,0.0
248,248.0,45.08,28.0,80.0,0.0
249,249.0,45.4,27.67,80.0,0.0
250,250.0,45.4,27.67,80.0,0.0
251,251.0,45.4,28.0,80.0,0.0
252,252.0,45.72,28.0,80.0,0.0
253,253.0,45.72,28.0,80.0,0.0
254,254.0,46.05,28.32,80.0,0.0
255,255.0,46.05,28.32,80.0,0.0
256,256.0,46.37,28.0,80.0,0.0
257,257.0,46.69,28.32,80.0,0.0
258,258.0,46.37,28.32,80.0,0.0
259,259.0,46.69,28.32,80.0,0.0
260,260.0,46.69,28.32,80.0,0.0
261,261.0,47.33,28.32,80.0,0.0
262,262.0,47.33,28.96,80.0,0.0
263,263.0,47.66,28.64,80.0,0.0
264,264.0,47.98,28.64,80.0,0.0
265,265.0,47.98,28.64,80.0,0.0
266,266.0,48.3,28.64,80.0,0.0
267,267.0,48.3,28.64,80.0,0.0
268,268.0,48.62,28.64,80.0,0.0
269,269.0,48.62,28.96,80.0,0.0
270,270.0,48.62,28.96,80.0,0.0
271,271.0,48.95,28.96,80.0,0.0
272,272.0,49.27,28.96,80.0,0.0
273,273.0,49.27,28.96,80.0,0.0
274,274.0,49.59,29.29,80.0,0.0
275,275.0,49.59,28.96,80.0,0.0
276,276.0,49.91,28.96,80.0,0.0
277,277.0,50.24,29.29,80.0,0.0
278,278.0,50.24,28.96,80.0,0.0
279,279.0,50.56,29.29,80.0,0.0
280,280.0,50.56,29.29,80.0,0.0
281,281.0,50.88,28.96,80.0,0.0
282,282.0,50.88,28.96,80.0,0.0
283,283.0,51.2,29.29,80.0,0.0
284,284.0,51.52,29.29,80.0,0.0
285,285.0,51.85,29.61,80.0,0.0
286,286.0,51.85,29.61,80.0,0.0
287,287.0,52.17,29.29,80.0,0.0
288,288.0,52.17,29.29,80.0,0.0
289,289.0,52.49,29.61,80.0,0.0
290,290.0,52.49,29.29,80.0,0.0
291,291.0,52.49,29.61,80.0,0.0
292,292.0,52.81,29.93,80.0,0.0
293,293.0,52.81,29.93,80.0,0.0
294,294.0,53.14,30.25,80.0,0.0
295,295.0,53.14,29.93,80.0,0.0
296,296.0,53.46,29.93,80.0,0.0
297,297.0,53.78,29.93,80.0,0.0
298,298.0,53.46,30.25,80.0,0.0
299,299.0,53.78,29.93,80.0,0.0
300,300.0,54.1,29.93,100.0,0.0
301,301.0,54.43,30.25,100.0,0.0
302,302.0,54.43,30.25,100.0,0.0
303,303.0,54.43,30.57,100.0,0.0
304,304.0,54.75,30.57,100.0,0.0
305,305.0,55.07,30.57,100.0,0.0
306,306.0,55.39,30.57,100.0,0.0
307,307.0,55.39,30.57,100.0,0.0
308,308.0,55.71,30.57,100.0,0.0
309,309.0,56.04,30.9,100.0,0.0
310,310.0,56.04,30.9,100.0,0.0
311,311.0,56.04,30.9,100.0,0.0
312,312.0,56.36,30.9,100.0,0.0
313,313.0,56.68,30.57,100.0,0.0
314,314.0,56.68,30.9,100.0,0.0
315,315.0,57.0,31.22,100.0,0.0
316,316.0,57.33,30.9,100.0,0.0
317,317.0,57.33,31.22,100.0,0.0
318,318.0,57.65,31.22,100.0,0.0
319,319.0,57.65,31.54,100.0,0.0
320,320.0,57.97,31.22,100.0,0.0
321,321.0,57.97,31.22,100.0,0.0
322,322.0,58.29,31.22,100.0,0.0
323,323.0,58.62,31.22,100.0,0.0
324,324.0,58.62,31.22,100.0,0.0
325,325.0,58.62,31.54,100.0,0.0
326,326.0,58.94,31.54,100.0,0.0
327,327.0,58.94,31.54,100.0,0.0
328,328.0,59.26,31.54,100.0,0.0
329,329.0,59.58,31.86,100.0,0.0
330,330.0,59.9,31.54,100.0,0.0
331,331.0,59.9,31.86,100.0,0.0
332,332.0,60.23,32.19,100.0,0.0
333,333.0,60.23,31.86,100.0,0.0
334,334.0,60.55,32.19,100.0,0.0
335,335.0,60.87,32.19,100.0,0.0
336,336.0,61.19,32.19,100.0,0.0
337,337.0,61.19,32.19,100.0,0.0
338,338.0,61.52,32.51,100.0,0.0
339,339.0,61.84,32.19,100.0,0.0
340,340.0,61.84,32.19,100.0,0.0
341,341.0,62.16,32.51,100.0,0.0
342,342.0,62.48,32.51,100.0,0.0
343,343.0,62.8,32.51,100.0,0.0
344,344.0,62.8,32.51,100.0,0.0
345,345.0,62.8,32.83,100.0,0.0
346,346.0,62.8,32.51,100.0,0.0
347,347.0,63.13,32.83,100.0,0.0
348,348.0,63.13,32.83,100.0,0.0
349,349.0,63.45,32.83,100.0,0.0
350,350.0,63.45,32.83,100.0,0.0
351,351.0,63.77,32.83,100.0,0.0
352,352.0,63.77,33.15,100.0,0.0
353,353.0,63.77,33.15,100.0,0.0
354,354.0,64.09,32.83,100.0,0.0
355,355.0,64.09,33.15,100.0,0.0
356,356.0,64.42,33.15,100.0,0.0
357,357.0,64.42,33.48,100.0,0.0
358,358.0,64.74,33.48,100.0,0.0
359,359.0,65.06,33.8,100.0,0.0
360,360.0,65.06,33.8,100.0,0.0
