Time,T1,Q1
0.0,20.949499999999997,0.0
0.0,20.6272,0.0
1.0,20.949499999999997,4.997916927067833
1.0,20.949499999999997,4.997916927067833
2.01,20.949499999999997,10.03309062295611
2.01,20.949499999999997,10.03309062295611
3.01,20.949499999999997,14.993249931220168
3.01,20.949499999999997,14.993249931220168
4.02,20.949499999999997,19.96492978749009
4.02,20.949499999999997,19.96492978749009
5.01,20.949499999999997,24.78883845196983
5.01,20.949499999999997,24.78883845196983
7.02,20.949499999999997,34.38370085628472
7.02,20.6272,34.38370085628472
8.03,20.949499999999997,39.07994951860051
8.03,20.949499999999997,39.07994951860051
10.0,20.949499999999997,47.942553860420304
10.0,20.949499999999997,47.942553860420304
11.03,20.949499999999997,52.39654272111811
11.03,20.949499999999997,52.39654272111811
13.01,21.2718,60.55843719704299
13.01,20.949499999999997,60.55843719704299
14.01,21.2718,64.46000277881899
14.01,21.2718,64.46000277881899
15.03,21.2718,68.27355260716087
15.03,21.2718,68.27355260716087
16.01,21.2718,71.77043545701723
16.01,21.594099999999997,71.77043545701723
17.04,21.594099999999997,75.2598867991776
17.04,21.594099999999997,75.2598867991776
19.0,21.9164,81.34155047893738
19.0,21.9164,81.34155047893738
20.0,21.9164,84.14709848078965
20.0,21.9164,84.14709848078965
21.01,21.9164,86.76719026796958
21.01,22.238699999999998,86.76719026796958
23.0,22.238699999999998,91.27639402605212
23.0,22.238699999999998,91.27639402605212
24.01,22.561,93.22201483320323
24.01,22.561,93.22201483320323
25.07,22.561,95.00824328458701
25.07,22.561,95.00824328458701
26.05,22.8833,96.4223920674382
26.05,22.8833,96.4223920674382
27.06,23.205599999999997,97.63759861505915
27.06,23.205599999999997,97.63759861505915
29.0,23.5279,99.27129910375885
29.0,23.5279,99.27129910375885
30.02,23.850199999999997,99.75652250464807
30.02,23.850199999999997,99.75652250464807
32.0,24.1725,99.95736030415051
32.0,24.1725,99.95736030415051
33.04,24.494799999999998,99.67047930524076
33.04,24.817099999999996,99.67047930524076
35.03,25.1394,98.37174709067433
35.03,25.1394,98.37174709067433
36.05,25.461699999999997,97.3276582960873
36.05,25.461699999999997,97.3276582960873
37.0,25.461699999999997,96.12752029752998
37.0,25.461699999999997,96.12752029752998
38.03,25.784,94.58140889315705
38.03,25.784,94.58140889315705
39.01,26.106299999999997,92.87745084759437
39.01,26.106299999999997,92.87745084759437
41.0,26.750899999999998,88.73623686333752
41.0,26.750899999999998,88.73623686333752
42.0,27.073199999999996,86.32093666488737
42.0,27.073199999999996,86.32093666488737
44.01,27.717799999999997,80.82020522111748
44.01,27.717799999999997,80.82020522111748
45.05,28.0401,77.65003329895089
45.05,27.717799999999997,77.65003329895089
47.03,28.362399999999997,71.04184831635882
47.03,28.362399999999997,71.04184831635882
48.0,28.6847,67.54631805511507
48.0,28.6847,67.54631805511507
49.0,29.006999999999998,63.77647021345037
49.0,29.006999999999998,63.77647021345037
50.01,29.329299999999996,59.80714975038569
50.01,29.329299999999996,59.80714975038569
51.0,29.6516,55.768371739141664
51.0,29.6516,55.768371739141664
53.0,29.973899999999997,47.20305412898823
53.0,30.2962,47.20305412898823
54.02,30.2962,42.647559455256875
54.02,30.2962,42.647559455256875
55.0,30.618499999999997,38.166099205233174
55.0,30.618499999999997,38.166099205233174
56.0,30.940799999999996,33.498815015590466
56.0,30.940799999999996,33.498815015590466
57.0,30.940799999999996,28.74780123425444
57.0,30.940799999999996,28.74780123425444
59.05,31.585399999999996,18.796779933958323
59.05,31.263099999999998,18.796779933958323
60.07,31.585399999999996,13.765417703691543
60.07,31.9077,13.765417703691543
62.0,31.9077,4.158066243329049
62.0,31.9077,4.158066243329049
63.01,32.23,0.0
63.01,32.23,0.0
65.0,32.552299999999995,0.0
65.0,32.23,0.0
66.06,32.552299999999995,0.0
66.06,32.552299999999995,0.0
68.0,32.552299999999995,0.0
68.0,32.552299999999995,0.0
69.0,32.8746,0.0
69.0,32.8746,0.0
70.01,32.8746,0.0
70.01,32.8746,0.0
71.01,32.8746,0.0
71.01,32.8746,0.0
72.0,32.8746,0.0
72.0,32.8746,0.0
74.0,33.1969,0.0
74.0,32.8746,0.0
75.05,33.1969,0.0
75.05,32.8746,0.0
76.01,33.1969,0.0
76.01,32.8746,0.0
77.02,33.1969,0.0
77.02,33.1969,0.0
78.04,33.1969,0.0
78.04,33.1969,0.0
80.01,32.8746,0.0
80.01,33.1969,0.0
81.07,33.1969,0.0
81.07,33.1969,0.0
83.0,32.8746,0.0
83.0,33.1969,0.0
84.01,33.1969,0.0
84.01,33.1969,0.0
86.0,33.1969,0.0
86.0,33.1969,0.0
87.01,32.8746,0.0
87.01,32.8746,0.0
88.01,33.1969,0.0
88.01,32.8746,0.0
89.04,32.8746,0.0
89.04,32.8746,0.0
90.05,32.8746,0.0
90.05,32.8746,0.0
92.0,32.8746,0.0
92.0,32.8746,0.0
93.0,32.552299999999995,0.0
93.0,32.8746,0.0
94.01,32.552299999999995,0.0
94.01,32.552299999999995,0.0
95.0,32.552299999999995,0.0
95.0,32.552299999999995,0.0
96.0,32.552299999999995,0.0
96.0,32.552299999999995,0.0
98.05,32.552299999999995,0.0
98.05,32.552299999999995,0.0
99.06,32.552299999999995,0.0
99.06,32.552299999999995,0.0
100.06,32.23,0.0
100.06,32.552299999999995,0.0
101.02,32.552299999999995,0.0
101.02,32.23,0.0
102.01,32.23,0.0
102.01,32.23,0.0
104.03,32.23,0.0
104.03,32.23,0.0
105.05,32.23,0.0
105.05,31.9077,0.0
107.01,31.9077,0.0
107.01,31.9077,0.0
108.04,31.9077,0.0
108.04,31.9077,0.0
109.01,31.9077,0.0
109.01,31.9077,0.0
110.05,31.9077,0.0
110.05,31.9077,0.0
111.06,31.585399999999996,0.0
111.06,31.585399999999996,0.0
113.01,31.585399999999996,0.0
113.01,31.585399999999996,0.0
114.06,31.585399999999996,0.0
114.06,31.585399999999996,0.0
115.06,31.585399999999996,0.0
115.06,31.585399999999996,0.0
117.0,31.263099999999998,0.0
117.0,31.263099999999998,0.0
118.0,31.263099999999998,0.0
118.0,31.263099999999998,0.0
120.0,31.263099999999998,0.0
120.0,31.263099999999998,0.0
121.01,31.263099999999998,0.0
121.01,30.940799999999996,0.0
123.02,30.940799999999996,0.0
123.02,30.940799999999996,0.0
124.06,30.940799999999996,0.0
124.06,30.940799999999996,0.0
125.04,30.940799999999996,0.0
125.04,30.618499999999997,0.0
126.08,30.618499999999997,2.0813189853709035
126.08,30.618499999999997,2.0813189853709035
127.02,30.618499999999997,6.776272670143572
127.02,30.618499999999997,6.776272670143572
129.04,30.618499999999997,16.801400979361638
129.04,30.618499999999997,16.801400979361638
130.04,30.618499999999997,21.707273179732205
130.04,30.618499999999997,21.707273179732205
132.06,30.2962,31.43906550781253
132.06,30.2962,31.43906550781253
133.0,30.2962,35.864385349280035
133.0,30.2962,35.864385349280035
135.0,30.2962,45.004407378061764
135.0,30.2962,45.004407378061764
136.01,30.2962,49.45479881015028
136.01,30.2962,49.45479881015028
138.03,30.2962,57.966270083493
138.03,30.2962,57.966270083493
139.01,30.2962,61.88789486945204
139.01,30.2962,61.88789486945204
140.0,30.2962,65.6986598718789
140.0,30.2962,65.6986598718789
141.0,30.2962,69.38449449297643
141.0,30.2962,69.38449449297643
142.04,30.2962,73.0336674608439
142.04,30.2962,73.0336674608439
144.0,30.2962,79.36678638491532
144.0,30.618499999999997,79.36678638491532
145.0,30.618499999999997,82.30808790115056
145.0,30.618499999999997,82.30808790115056
146.0,30.618499999999997,85.04366206285648
146.0,30.618499999999997,85.04366206285648
147.04,30.618499999999997,87.66307934994633
147.04,30.618499999999997,87.66307934994633
148.01,30.940799999999996,89.8927257127768
148.01,30.940799999999996,89.8927257127768
150.02,30.940799999999996,93.83461430348524
150.02,30.940799999999996,93.83461430348524
151.02,31.263099999999998,95.44511108078696
151.02,31.263099999999998,95.44511108078696
152.0,31.263099999999998,96.79196720314866
152.0,31.263099999999998,96.79196720314866
153.07,31.585399999999996,97.99707782718926
153.07,31.585399999999996,97.99707782718926
154.0,31.585399999999996,98.81682338770004
154.0,31.585399999999996,98.81682338770004
156.0,31.9077,99.8543345374605
156.0,31.9077,99.8543345374605
157.0,32.23,99.99920733059187
157.0,32.23,99.99920733059187
159.0,32.552299999999995,99.539377725762
159.0,32.552299999999995,99.539377725762
160.03,32.8746,98.91388836266938
160.03,32.8746,98.91388836266938
162.0,33.1969,96.98898108450862
162.0,33.1969,96.98898108450862
163.03,33.5192,95.60669196360504
163.03,33.5192,95.60669196360504
164.0,33.841499999999996,94.07305566797726
164.0,33.841499999999996,94.07305566797726
165.02,33.841499999999996,92.22180010641122
165.02,33.841499999999996,92.22180010641122
166.02,34.163799999999995,90.17400058973398
166.02,34.163799999999995,90.17400058973398
168.05,34.8084,85.3298017185105
168.05,34.4861,85.3298017185105
169.02,34.8084,82.70155009249382
169.02,34.8084,82.70155009249382
171.0,35.452999999999996,76.74011568674872
171.0,35.452999999999996,76.74011568674872
172.0,35.452999999999996,73.43970978741133
172.0,35.452999999999996,73.43970978741133
173.0,35.775299999999994,69.9557428602668
173.0,35.775299999999994,69.9557428602668
174.0,36.0976,66.2969230082182
174.0,36.0976,66.2969230082182
175.03,36.0976,62.35519828536932
175.03,36.0976,62.35519828536932
177.0,36.7422,54.364844366608835
177.0,36.7422,54.364844366608835
178.0,36.7422,50.10208564578846
178.0,36.7422,50.10208564578846
179.01,37.064499999999995,45.66962237876744
179.01,37.064499999999995,45.66962237876744
180.01,37.386799999999994,41.1662868614986
180.01,37.386799999999994,41.1662868614986
181.0,37.7091,36.6065910862411
181.0,37.386799999999994,36.6065910862411
183.0,37.7091,27.133323411363275
183.0,37.7091,27.133323411363275
184.0,38.0314,22.288991410024593
184.0,38.0314,22.288991410024593
185.02,38.0314,17.29046334263571
185.02,38.0314,17.29046334263571
186.07,38.353699999999996,12.098087967568528
186.07,38.353699999999996,12.098087967568528
187.01,38.353699999999996,7.420967835634057
187.01,38.353699999999996,7.420967835634057
189.0,38.675999999999995,0.0
189.0,38.675999999999995,0.0
190.02,38.675999999999995,0.0
190.02,38.675999999999995,0.0
192.05,38.9983,0.0
192.05,38.675999999999995,0.0
193.0,38.9983,0.0
193.0,38.9983,0.0
194.0,38.9983,0.0
194.0,38.675999999999995,0.0
195.01,38.9983,0.0
195.01,38.9983,0.0
196.01,38.9983,0.0
196.01,38.9983,0.0
198.01,38.9983,0.0
198.01,38.9983,0.0
199.01,38.9983,0.0
199.01,38.9983,0.0
201.0,38.9983,0.0
201.0,38.9983,0.0
202.01,38.9983,0.0
202.01,38.9983,0.0
203.01,38.9983,0.0
203.01,38.9983,0.0
204.07,38.9983,0.0
204.07,38.675999999999995,0.0
205.0,38.675999999999995,0.0
205.0,38.675999999999995,0.0
207.01,38.675999999999995,0.0
207.01,38.675999999999995,0.0
208.07,38.675999999999995,0.0
208.07,38.675999999999995,0.0
210.0,38.675999999999995,0.0
210.0,38.675999999999995,0.0
211.04,38.353699999999996,0.0
211.04,38.353699999999996,0.0
212.0,38.353699999999996,0.0
212.0,38.353699999999996,0.0
213.0,38.353699999999996,0.0
213.0,38.353699999999996,0.0
214.0,38.353699999999996,0.0
214.0,38.353699999999996,0.0
216.03,38.0314,0.0
216.03,38.0314,0.0
217.0,38.0314,0.0
217.0,38.0314,0.0
219.03,38.0314,0.0
219.03,37.7091,0.0
220.05,37.7091,0.0
220.05,38.0314,0.0
222.03,37.7091,0.0
222.03,37.7091,0.0
223.04,37.386799999999994,0.0
223.04,37.386799999999994,0.0
224.01,37.386799999999994,0.0
224.01,37.386799999999994,0.0
225.05,37.386799999999994,0.0
225.05,37.386799999999994,0.0
226.02,37.386799999999994,0.0
226.02,37.386799999999994,0.0
228.03,37.064499999999995,0.0
228.03,37.064499999999995,0.0
229.0,37.064499999999995,0.0
229.0,37.064499999999995,0.0
231.0,36.7422,0.0
231.0,36.7422,0.0
232.01,36.7422,0.0
232.01,36.7422,0.0
233.0,36.7422,0.0
233.0,36.7422,0.0
234.03,36.4199,0.0
234.03,36.4199,0.0
235.03,36.4199,0.0
235.03,36.4199,0.0
237.0,36.4199,0.0
237.0,36.0976,0.0
238.03,36.0976,0.0
238.03,36.0976,0.0
240.04,36.0976,0.0
240.04,36.0976,0.0
241.06,35.775299999999994,0.0
241.06,35.775299999999994,0.0
242.05,35.775299999999994,0.0
242.05,35.775299999999994,0.0
243.05,35.775299999999994,0.0
243.05,35.775299999999994,0.0
244.09,35.452999999999996,0.0
244.09,35.775299999999994,0.0
246.0,35.452999999999996,0.0
246.0,35.452999999999996,0.0
247.0,35.452999999999996,0.0
247.0,35.1307,0.0
248.01,35.1307,0.0
248.01,35.1307,0.0
250.0,34.8084,0.0
250.0,35.1307,0.0
251.05,34.8084,0.0
251.05,34.8084,0.0
253.04,34.8084,8.552477929971316
253.04,34.8084,8.552477929971316
254.0,34.8084,13.323204141994397
254.0,34.8084,13.323204141994397
255.01,34.4861,18.309070550928396
255.01,34.4861,18.309070550928396
256.0,34.4861,23.150982510153895
256.0,34.4861,23.150982510153895
257.0,34.4861,27.984186157717623
257.0,34.4861,27.984186157717623
259.0,34.163799999999995,37.42885011457584
259.0,34.163799999999995,37.42885011457584
260.02,34.163799999999995,42.107427337334855
260.02,34.163799999999995,42.107427337334855
262.0,34.163799999999995,50.866146437237525
262.0,34.163799999999995,50.866146437237525
263.07,34.163799999999995,55.39734236191658
263.07,33.841499999999996,55.39734236191658
265.0,33.841499999999996,63.161098771823866
265.0,34.163799999999995,63.161098771823866
266.0,34.163799999999995,66.95697621966023
266.0,33.841499999999996,66.95697621966023
267.0,33.841499999999996,70.58549609746657
267.0,33.841499999999996,70.58549609746657
268.0,34.163799999999995,74.03758899524486
268.0,33.841499999999996,74.03758899524486
269.01,33.841499999999996,77.33633429643174
269.01,34.163799999999995,77.33633429643174
271.04,34.163799999999995,83.36198894677973
271.04,34.163799999999995,83.36198894677973
272.01,34.163799999999995,85.94175594468376
272.01,34.163799999999995,85.94175594468376
274.02,34.4861,90.63776638050172
274.02,34.163799999999995,90.63776638050172
275.02,34.4861,92.63595463256136
275.02,34.4861,92.63595463256136
277.01,34.4861,95.91916466459544
277.01,34.4861,95.91916466459544
278.07,34.8084,97.28238705410858
278.07,34.8084,97.28238705410858
280.04,35.1307,99.0878848734919
280.04,35.1307,99.0878848734919
281.0,35.1307,99.62033670238317
281.0,35.1307,99.62033670238317
283.0,35.452999999999996,99.9917657430403
283.0,35.452999999999996,99.9917657430403
284.06,35.775299999999994,99.78337867135832
284.06,35.775299999999994,99.78337867135832
286.01,36.0976,98.66907837132482
286.01,36.0976,98.66907837132482
287.04,36.4199,97.70119970587469
287.04,36.4199,97.70119970587469
289.0,36.7422,95.14655001553474
289.0,36.7422,95.14655001553474
290.02,36.7422,93.45396638695598
290.02,36.7422,93.45396638695598
291.01,37.064499999999995,91.5787142657965
291.01,37.064499999999995,91.5787142657965
292.01,37.386799999999994,89.45678178552053
292.01,37.386799999999994,89.45678178552053
293.01,37.386799999999994,87.11125393897211
293.01,37.386799999999994,87.11125393897211
295.02,38.0314,81.7446167270629
295.02,38.0314,81.7446167270629
296.0,38.0314,78.82520673753163
296.0,38.0314,78.82520673753163
297.01,38.353699999999996,75.61850672728048
297.01,38.353699999999996,75.61850672728048
298.11,38.675999999999995,71.9070088125224
298.11,38.675999999999995,71.9070088125224
299.01,38.675999999999995,68.70805157355524
299.01,38.675999999999995,68.70805157355524
301.01,39.3206,61.11108828036927
301.01,39.3206,61.11108828036927
302.02,39.3206,57.037577110388746
302.02,39.3206,57.037577110388746
304.02,39.6429,48.55247088170862
304.02,39.6429,48.55247088170862
305.04,39.965199999999996,44.03273758450298
305.04,39.965199999999996,44.03273758450298
307.02,40.287499999999994,34.94305454725824
307.02,40.287499999999994,34.94305454725824
308.0,40.287499999999994,30.311835674570226
308.0,40.287499999999994,30.311835674570226
309.0,40.6098,25.511174259017267
309.0,40.6098,25.511174259017267
310.02,40.6098,20.548892540432146
310.02,40.6098,20.548892540432146
311.03,40.9321,15.582565910573159
311.03,40.9321,15.582565910573159
313.01,40.9321,5.743164895781113
313.01,40.9321,5.743164895781113
314.0,41.2544,0.7963183785935567
314.0,41.2544,0.7963183785935567
315.0,41.2544,0.0
315.0,41.2544,0.0
316.05,41.2544,0.0
316.05,41.2544,0.0
317.05,41.2544,0.0
317.05,41.2544,0.0
319.03,41.576699999999995,0.0
319.03,41.576699999999995,0.0
320.01,41.2544,0.0
320.01,41.2544,0.0
321.0,41.576699999999995,0.0
321.0,41.576699999999995,0.0
322.0,41.576699999999995,0.0
322.0,41.576699999999995,0.0
323.01,41.576699999999995,0.0
323.01,41.576699999999995,0.0
325.04,41.576699999999995,0.0
325.04,41.2544,0.0
326.03,41.2544,0.0
326.03,41.2544,0.0
328.04,41.2544,0.0
328.04,41.2544,0.0
329.03,41.2544,0.0
329.03,41.2544,0.0
331.0,41.2544,0.0
331.0,41.2544,0.0
332.0,40.9321,0.0
332.0,40.9321,0.0
333.0,40.9321,0.0
333.0,40.9321,0.0
334.03,40.9321,0.0
334.03,40.9321,0.0
335.01,40.6098,0.0
335.01,40.9321,0.0
337.02,40.6098,0.0
337.02,40.6098,0.0
338.01,40.6098,0.0
338.01,40.6098,0.0
340.0,40.287499999999994,0.0
340.0,40.287499999999994,0.0
341.05,40.287499999999994,0.0
341.05,40.287499999999994,0.0
342.0,40.287499999999994,0.0
342.0,40.287499999999994,0.0
343.0,40.287499999999994,0.0
343.0,40.287499999999994,0.0
344.0,39.965199999999996,0.0
344.0,39.965199999999996,0.0
346.0,39.6429,0.0
346.0,39.965199999999996,0.0
347.0,39.6429,0.0
347.0,39.6429,0.0
348.01,39.6429,0.0
348.01,39.6429,0.0
349.01,39.6429,0.0
349.01,39.6429,0.0
350.0,39.6429,0.0
350.0,39.3206,0.0
352.0,39.3206,0.0
352.0,39.3206,0.0
353.06,38.9983,0.0
353.06,38.9983,0.0
355.05,38.9983,0.0
355.05,38.9983,0.0
356.04,38.9983,0.0
356.04,38.9983,0.0
357.03,38.675999999999995,0.0
357.03,38.675999999999995,0.0
358.01,38.675999999999995,0.0
358.01,38.675999999999995,0.0
359.04,38.675999999999995,0.0
359.04,38.353699999999996,0.0
361.0,38.353699999999996,0.0
361.0,38.353699999999996,0.0
362.0,38.0314,0.0
362.0,38.0314,0.0
363.01,38.0314,0.0
363.01,38.0314,0.0
364.0,38.0314,0.0
364.0,38.0314,0.0
365.0,37.7091,0.0
365.0,37.7091,0.0
367.0,37.7091,0.0
367.0,37.7091,0.0
368.04,37.386799999999994,0.0
368.04,37.386799999999994,0.0
369.02,37.386799999999994,0.0
369.02,37.386799999999994,0.0
370.01,37.386799999999994,0.0
370.01,37.386799999999994,0.0
371.09,37.064499999999995,0.0
371.09,37.064499999999995,0.0
373.0,37.064499999999995,0.0
373.0,37.064499999999995,0.0
374.05,37.064499999999995,0.0
374.05,36.7422,0.0
375.0,36.7422,0.0
375.0,36.7422,0.0
376.01,36.7422,0.0
376.01,36.7422,0.0
377.0,36.4199,0.04440784466461913
377.0,36.4199,0.04440784466461913
379.0,36.4199,10.027526670709095
379.0,36.4199,10.027526670709095
380.03,36.4199,15.136009742225683
380.03,36.0976,15.136009742225683
382.04,36.0976,24.977131594178605
382.04,36.0976,24.977131594178605
383.0,35.775299999999994,29.594442186632445
383.0,36.0976,29.594442186632445
385.0,35.775299999999994,38.982732724637856
385.0,35.775299999999994,38.982732724637856
386.01,35.775299999999994,43.58154328608416
386.01,35.775299999999994,43.58154328608416
387.0,35.775299999999994,47.98152068323722
387.0,35.775299999999994,47.98152068323722
388.07,35.452999999999996,52.604557842635145
388.07,35.452999999999996,52.604557842635145
389.07,35.452999999999996,56.78932616633474
389.07,35.775299999999994,56.78932616633474
391.0,35.452999999999996,64.45572736464568
391.0,35.452999999999996,64.45572736464568
392.04,35.452999999999996,68.34250273574615
392.04,35.452999999999996,68.34250273574615
393.03,35.452999999999996,71.870918695168
393.03,35.452999999999996,71.870918695168
394.0,35.452999999999996,75.15734153521507
394.0,35.452999999999996,75.15734153521507
395.0,35.452999999999996,78.36028759783554
395.0,35.452999999999996,78.36028759783554
397.0,35.452999999999996,84.17108384451784
397.0,35.452999999999996,84.17108384451784
398.0,35.775299999999994,86.76441006416691
398.0,35.452999999999996,86.76441006416691
399.0,35.775299999999994,89.14087044468683
399.0,35.775299999999994,89.14087044468683
400.06,35.775299999999994,91.41653868261524
400.06,35.775299999999994,91.41653868261524
401.05,35.775299999999994,93.31018548191985
401.05,35.775299999999994,93.31018548191985
403.0,36.0976,96.36768808719165
403.0,36.0976,96.36768808719165
404.0,36.0976,97.58205177669763
404.0,36.0976,97.58205177669763
405.01,36.4199,98.56097531255297
405.01,36.4199,98.56097531255297
406.0,36.4199,99.27664058359072
406.0,36.4199,99.27664058359072
407.01,36.7422,99.7561323536939
407.01,36.4199,99.7561323536939
409.04,36.7422,99.949925170429
409.04,36.7422,99.949925170429
410.05,37.064499999999995,99.66277704763148
410.05,37.064499999999995,99.66277704763148
411.04,37.064499999999995,99.1346942849548
411.04,37.064499999999995,99.1346942849548
412.0,37.386799999999994,98.39066946186162
412.0,37.386799999999994,98.39066946186162
413.01,37.7091,97.3632700318667
413.01,37.7091,97.3632700318667
415.05,38.0314,94.53441981404173
415.05,38.0314,94.53441981404173
416.03,38.0314,92.82382994025001
416.03,38.353699999999996,92.82382994025001
418.03,38.675999999999995,88.64643308432696
418.03,38.675999999999995,88.64643308432696
419.04,38.675999999999995,86.19729061890973
419.04,38.9983,86.19729061890973
421.0,39.3206,80.82349834375502
421.0,39.3206,80.82349834375502
422.0,39.3206,77.77941618010928
422.0,39.3206,77.77941618010928
423.0,39.6429,74.54092598275017
423.0,39.6429,74.54092598275017
424.0,39.965199999999996,71.116122290598
424.0,39.965199999999996,71.116122290598
425.03,39.965199999999996,67.40283537780779
425.03,39.965199999999996,67.40283537780779
427.02,40.287499999999994,59.73146062508776
427.02,40.287499999999994,59.73146062508776
428.0,40.6098,55.73150535176584
428.0,40.6098,55.73150535176584
429.02,40.6098,51.4263420155573
429.02,40.9321,51.4263420155573
430.06,40.9321,46.89915095057109
430.06,40.9321,46.89915095057109
431.0,40.9321,42.69783591404783
431.0,41.2544,42.69783591404783
433.0,41.2544,33.45696964916824
433.0,41.2544,33.45696964916824
434.01,41.576699999999995,28.65736580631512
434.01,41.576699999999995,28.65736580631512
436.0,41.898999999999994,18.998667579543774
436.0,41.898999999999994,18.998667579543774
437.01,41.898999999999994,14.018531471686572
437.01,41.898999999999994,14.018531471686572
439.02,42.2213,4.013779002901081
439.02,42.2213,4.013779002901081
440.0,42.2213,0.0
440.0,42.2213,0.0
441.01,42.2213,0.0
441.01,42.2213,0.0
442.06,42.2213,0.0
442.06,42.2213,0.0
443.07,42.5436,0.0
443.07,42.2213,0.0
445.0,42.5436,0.0
445.0,42.5436,0.0
446.02,42.5436,0.0
446.02,42.5436,0.0
448.01,42.5436,0.0
448.01,42.5436,0.0
449.0,42.5436,0.0
449.0,42.5436,0.0
450.01,42.5436,0.0
450.01,42.5436,0.0
451.0,42.2213,0.0
451.0,42.2213,0.0
452.05,42.2213,0.0
452.05,42.2213,0.0
453.03,42.2213,0.0
453.03,42.2213,0.0
455.01,42.2213,0.0
455.01,42.2213,0.0
456.04,42.2213,0.0
456.04,42.2213,0.0
458.01,41.898999999999994,0.0
458.01,41.898999999999994,0.0
459.0,41.898999999999994,0.0
459.0,41.898999999999994,0.0
460.0,41.898999999999994,0.0
460.0,41.898999999999994,0.0
461.01,41.576699999999995,0.0
461.01,41.576699999999995,0.0
462.05,41.576699999999995,0.0
462.05,41.576699999999995,0.0
464.0,41.576699999999995,0.0
464.0,41.576699999999995,0.0
465.01,41.2544,0.0
465.01,41.2544,0.0
466.0,41.2544,0.0
466.0,41.2544,0.0
467.0,41.2544,0.0
467.0,41.2544,0.0
468.0,40.9321,0.0
468.0,40.9321,0.0
470.04,40.9321,0.0
470.04,40.9321,0.0
471.04,40.9321,0.0
471.04,40.6098,0.0
472.01,40.6098,0.0
472.01,40.6098,0.0
473.05,40.6098,0.0
473.05,40.6098,0.0
474.0,40.287499999999994,0.0
474.0,40.6098,0.0
476.01,40.287499999999994,0.0
476.01,40.287499999999994,0.0
477.03,40.287499999999994,0.0
477.03,40.287499999999994,0.0
479.01,39.965199999999996,0.0
479.01,39.965199999999996,0.0
480.06,39.6429,0.0
480.06,39.6429,0.0
482.0,39.6429,0.0
482.0,39.6429,0.0
483.01,39.6429,0.0
483.01,39.3206,0.0
485.0,39.3206,0.0
485.0,39.3206,0.0
486.04,38.9983,0.0
486.04,38.9983,0.0
487.03,38.9983,0.0
487.03,38.9983,0.0
488.01,38.9983,0.0
488.01,38.9983,0.0
489.01,38.675999999999995,0.0
489.01,38.675999999999995,0.0
491.01,38.353699999999996,0.0
491.01,38.675999999999995,0.0
492.01,38.353699999999996,0.0
492.01,38.353699999999996,0.0
493.0,38.353699999999996,0.0
493.0,38.353699999999996,0.0
494.0,38.0314,0.0
494.0,38.353699999999996,0.0
495.04,38.0314,0.0
495.04,38.0314,0.0
497.02,38.0314,0.0
497.02,38.0314,0.0
498.0,37.7091,0.0
498.0,37.7091,0.0
499.0,37.7091,0.0
499.0,37.7091,0.0
500.01,37.7091,0.0
500.01,37.386799999999994,0.0
501.01,37.386799999999994,0.0
501.01,37.386799999999994,0.0
503.0,37.386799999999994,1.7257914496563216
503.0,37.064499999999995,1.7257914496563216
504.05,37.064499999999995,6.970220735555898
504.05,37.064499999999995,6.970220735555898
506.11,37.064499999999995,17.19007047609033
506.11,36.7422,17.19007047609033
507.01,36.7422,21.60418674273129
507.01,36.7422,21.60418674273129
509.0,36.7422,31.196331060790637
509.0,36.4199,31.196331060790637
510.02,36.4199,35.999148944951884
510.02,36.4199,35.999148944951884
512.01,36.4199,45.08869411525965
512.01,36.4199,45.08869411525965
513.01,36.4199,49.49339102638999
513.01,36.4199,49.49339102638999
514.03,36.0976,53.858664164225914
514.03,36.0976,53.858664164225914
515.07,36.0976,58.16525408169232
515.07,36.0976,58.16525408169232
516.01,36.0976,61.92277052410087
516.01,36.0976,61.92277052410087
518.0,36.0976,69.41646682522446
518.0,36.0976,69.41646682522446
519.04,36.0976,73.06399469690274
519.04,36.0976,73.06399469690274
520.05,36.0976,76.4173364106821
520.05,36.0976,76.4173364106821
522.01,36.0976,82.36166771120395
522.01,36.0976,82.36166771120395
523.05,36.0976,85.19817462603066
523.05,36.0976,85.19817462603066
524.03,36.0976,87.66038847174255
524.03,36.0976,87.66038847174255
525.07,36.4199,90.04307663638028
525.07,36.4199,90.04307663638028
526.03,36.4199,92.02656211088802
526.03,36.4199,92.02656211088802
528.04,36.7422,95.48809813373434
528.04,36.4199,95.48809813373434
529.03,36.7422,96.8406311474834
529.03,36.7422,96.8406311474834
531.0,37.064499999999995,98.82362464672177
531.0,37.064499999999995,98.82362464672177
532.06,37.064499999999995,99.49503555159373
532.06,37.064499999999995,99.49503555159373
534.03,37.386799999999994,99.99979241844834
534.03,37.386799999999994,99.99979241844834
535.01,37.386799999999994,99.88974670599809
535.01,37.386799999999994,99.88974670599809
536.0,37.7091,99.5351104911559
536.0,37.7091,99.5351104911559
537.04,37.7091,98.89996785047536
537.04,38.0314,98.89996785047536
538.08,38.0314,97.99745995117817
538.08,38.0314,97.99745995117817
540.0,38.353699999999996,95.63759284045031
540.0,38.353699999999996,95.63759284045031
541.0,38.675999999999995,94.0579852557232
541.0,38.675999999999995,94.0579852557232
543.05,38.9983,90.08979184844286
543.05,38.9983,90.08979184844286
544.05,39.3206,87.80795200437109
544.05,38.9983,87.80795200437109
546.0,39.6429,82.73279005953786
546.0,39.6429,82.73279005953786
547.03,39.965199999999996,79.73152460702701
547.03,39.6429,79.73152460702701
548.01,39.965199999999996,76.679550276424
548.01,39.965199999999996,76.679550276424
549.01,40.287499999999994,73.375600571319
549.01,40.287499999999994,73.375600571319
550.01,40.287499999999994,69.88825007805976
550.01,40.287499999999994,69.88825007805976
552.01,40.9321,62.39864958689979
552.01,40.6098,62.39864958689979
553.01,40.9321,58.41511968971815
553.01,40.9321,58.41511968971815
555.0,41.2544,50.0636485932415
555.0,41.2544,50.0636485932415
556.0,41.576699999999995,45.67459721441928
556.0,41.576699999999995,45.67459721441928
557.0,41.576699999999995,41.17138312943142
557.0,41.576699999999995,41.17138312943142
558.01,41.898999999999994,36.51871988973998
558.01,41.898999999999994,36.51871988973998
559.04,41.898999999999994,31.678110563074043
559.04,41.898999999999994,31.678110563074043
561.03,42.2213,22.099432160706417
561.03,42.2213,22.099432160706417
562.01,42.2213,17.295971243642224
562.01,42.2213,17.295971243642224
564.0,42.5436,7.426544558435777
564.0,42.5436,7.426544558435777
565.0,42.865899999999996,2.433148087720227
565.0,42.5436,2.433148087720227
567.0,42.865899999999996,0.0
567.0,42.5436,0.0
568.05,42.865899999999996,0.0
568.05,42.865899999999996,0.0
570.0,42.865899999999996,0.0
570.0,42.865899999999996,0.0
571.01,42.865899999999996,0.0
571.01,42.865899999999996,0.0
573.04,42.865899999999996,0.0
573.04,42.865899999999996,0.0
574.0,42.865899999999996,0.0
574.0,42.865899999999996,0.0
575.0,42.865899999999996,0.0
575.0,42.865899999999996,0.0
576.04,42.865899999999996,0.0
576.04,42.5436,0.0
577.02,42.865899999999996,0.0
577.02,42.865899999999996,0.0
579.05,42.5436,0.0
579.05,42.5436,0.0
580.01,42.5436,0.0
580.01,42.5436,0.0
582.01,42.5436,0.0
582.01,42.5436,0.0
583.07,42.5436,0.0
583.07,42.5436,0.0
585.02,42.2213,0.0
585.02,42.2213,0.0
586.0,42.2213,0.0
586.0,42.2213,0.0
588.0,41.898999999999994,0.0
588.0,41.898999999999994,0.0
589.0,41.898999999999994,0.0
589.0,41.898999999999994,0.0
590.01,41.898999999999994,0.0
590.01,41.898999999999994,0.0
591.0,41.576699999999995,0.0
591.0,41.576699999999995,0.0
592.01,41.576699999999995,0.0
592.01,41.576699999999995,0.0
594.0,41.2544,0.0
594.0,41.576699999999995,0.0
595.0,41.2544,0.0
595.0,41.2544,0.0
597.02,41.2544,0.0
597.02,41.2544,0.0
598.03,40.9321,0.0
598.03,40.9321,0.0
599.0,40.9321,0.0
599.0,40.9321,0.0
600.01,40.9321,0.0
600.01,40.9321,0.0
601.05,40.6098,0.0
601.05,40.6098,0.0
603.03,40.6098,0.0
603.03,40.287499999999994,0.0
604.0,40.287499999999994,0.0
604.0,40.287499999999994,0.0
606.0,40.287499999999994,0.0
606.0,40.287499999999994,0.0
607.01,39.965199999999996,0.0
607.01,39.965199999999996,0.0
608.01,39.965199999999996,0.0
608.01,39.965199999999996,0.0
609.0,39.6429,0.0
609.0,39.6429,0.0
610.06,39.6429,0.0
610.06,39.6429,0.0
611.08,39.6429,0.0
611.08,39.6429,0.0
613.02,39.3206,0.0
613.02,39.3206,0.0
614.06,39.3206,0.0
614.06,39.3206,0.0
616.0,38.9983,0.0
616.0,38.9983,0.0
617.04,38.675999999999995,0.0
617.04,38.675999999999995,0.0
618.04,38.675999999999995,0.0
618.04,38.675999999999995,0.0
619.02,38.675999999999995,0.0
619.02,38.675999999999995,0.0
620.07,38.675999999999995,0.0
620.07,38.353699999999996,0.0
622.02,38.353699999999996,0.0
622.02,38.353699999999996,0.0
623.03,38.353699999999996,0.0
623.03,38.0314,0.0
625.0,37.7091,0.0
625.0,38.0314,0.0
626.0,37.7091,0.0
626.0,37.7091,0.0
627.0,37.7091,0.0
627.0,37.7091,0.0
629.0,37.386799999999994,3.4066871264064353
629.0,37.386799999999994,3.4066871264064353
630.0,37.386799999999994,8.397445569174684
630.0,37.386799999999994,8.397445569174684
631.04,37.386799999999994,13.56539302649049
631.04,37.386799999999994,13.56539302649049
633.0,37.064499999999995,23.194181624863486
633.0,37.064499999999995,23.194181624863486
634.03,36.7422,28.170773654218976
634.03,37.064499999999995,28.170773654218976
636.0,36.7422,37.4700263649462
636.0,36.7422,37.4700263649462
637.01,36.7422,42.10235504163754
637.01,36.4199,42.10235504163754
639.04,36.7422,51.07642129916946
639.04,36.4199,51.07642129916946
640.02,36.4199,55.22606287498403
640.02,36.4199,55.22606287498403
641.0,36.4199,59.24313320231829
641.0,36.4199,59.24313320231829
642.0,36.4199,63.1955213006885
642.0,36.4199,63.1955213006885
643.01,36.4199,67.02706772000599
643.01,36.4199,67.02706772000599
645.0,36.4199,74.0674323409674
645.0,36.4199,74.0674323409674
646.06,36.4199,77.52264256090217
646.06,36.4199,77.52264256090217
648.03,36.4199,83.35890005424169
648.03,36.4199,83.35890005424169
649.01,36.4199,85.96445206239177
649.01,36.4199,85.96445206239177
650.01,36.4199,88.41041789724102
650.01,36.4199,88.41041789724102
651.01,36.7422,90.6354037306024
651.01,36.7422,90.6354037306024
652.01,36.7422,92.63384825664336
652.01,36.7422,92.63384825664336
654.0,36.7422,95.91758329530803
654.0,37.064499999999995,95.91758329530803
655.07,37.064499999999995,97.29265993658396
655.07,37.064499999999995,97.29265993658396
656.0,37.064499999999995,98.26178773641409
656.0,37.064499999999995,98.26178773641409
657.03,37.064499999999995,99.08713114377223
657.03,37.064499999999995,99.08713114377223
658.04,37.386799999999994,99.64131645532886
658.04,37.386799999999994,99.64131645532886
660.0,37.7091,99.99118601072672
660.0,37.7091,99.99118601072672
661.01,37.7091,99.796692764938
661.01,37.7091,99.796692764938
662.0,38.0314,99.3591002680395
662.0,38.0314,99.3591002680395
663.0,38.0314,98.66998754489579
663.0,38.0314,98.66998754489579
664.01,38.353699999999996,97.7236558270699
664.01,38.353699999999996,97.7236558270699
666.0,38.675999999999995,95.13287387867805
666.0,38.675999999999995,95.13287387867805
667.0,38.9983,93.47373491243044
667.0,38.9983,93.47373491243044
668.0,38.9983,91.5809602890819
668.0,38.9983,91.5809602890819
669.03,39.3206,89.39214801218819
669.03,39.3206,89.39214801218819
670.0,39.3206,87.11400001691764
670.0,39.6429,87.11400001691764
671.0,39.6429,84.55097944243433
671.0,39.6429,84.55097944243433
672.06,39.965199999999996,81.60359257364283
672.06,39.965199999999996,81.60359257364283
674.03,40.287499999999994,75.52393351213897
674.03,40.287499999999994,75.52393351213897
675.02,40.287499999999994,72.1882778080552
675.02,40.287499999999994,72.1882778080552
677.01,40.9321,64.95703454722602
677.01,40.9321,64.95703454722602
678.02,40.9321,61.03633299912653
678.02,40.9321,61.03633299912653
680.0,41.2544,52.90826861200239
680.0,41.576699999999995,52.90826861200239
681.0,41.576699999999995,48.60106331313124
681.0,41.576699999999995,48.60106331313124
682.02,41.576699999999995,44.082643486668026
682.02,41.898999999999994,44.082643486668026
683.03,41.898999999999994,39.49552950670172
683.03,41.898999999999994,39.49552950670172
684.02,41.898999999999994,34.901442626866974
684.02,42.2213,34.901442626866974
686.0,42.2213,25.46823328440282
686.0,42.5436,25.46823328440282
687.05,42.5436,20.35859475460423
687.05,42.5436,20.35859475460423
689.02,42.865899999999996,10.631786995055132
689.02,42.5436,10.631786995055132
690.01,42.865899999999996,5.698829782606207
690.01,42.865899999999996,5.698829782606207
692.02,42.865899999999996,0.0
692.02,42.865899999999996,0.0
693.06,42.865899999999996,0.0
693.06,42.865899999999996,0.0
695.0,43.188199999999995,0.0
695.0,42.865899999999996,0.0
696.01,42.865899999999996,0.0
696.01,43.188199999999995,0.0
697.0,42.865899999999996,0.0
697.0,43.188199999999995,0.0
698.0,42.865899999999996,0.0
698.0,43.188199999999995,0.0
699.01,42.865899999999996,0.0
699.01,42.865899999999996,0.0
701.02,43.188199999999995,0.0
701.02,42.865899999999996,0.0
702.03,42.865899999999996,0.0
702.03,42.865899999999996,0.0
704.02,42.865899999999996,0.0
704.02,42.865899999999996,0.0
705.03,42.865899999999996,0.0
705.03,42.865899999999996,0.0
707.04,42.5436,0.0
707.04,42.5436,0.0
708.06,42.865899999999996,0.0
708.06,42.865899999999996,0.0
709.0,42.5436,0.0
709.0,42.5436,0.0
710.05,42.5436,0.0
710.05,42.5436,0.0
711.0,42.5436,0.0
711.0,42.5436,0.0
713.02,42.2213,0.0
713.02,42.2213,0.0
714.06,42.2213,0.0
714.06,42.2213,0.0
716.01,41.898999999999994,0.0
716.01,41.898999999999994,0.0
717.02,41.898999999999994,0.0
717.02,41.898999999999994,0.0
719.0,41.576699999999995,0.0
719.0,41.576699999999995,0.0
720.0,41.576699999999995,0.0
720.0,41.576699999999995,0.0
721.0,41.576699999999995,0.0
721.0,41.2544,0.0
722.0,41.2544,0.0
722.0,41.2544,0.0
724.01,41.2544,0.0
724.01,41.2544,0.0
725.0,40.9321,0.0
725.0,40.9321,0.0
726.03,40.9321,0.0
726.03,40.9321,0.0
727.0,40.9321,0.0
727.0,40.9321,0.0
728.01,40.6098,0.0
728.01,40.6098,0.0
729.02,40.6098,0.0
729.02,40.6098,0.0
731.05,40.287499999999994,0.0
731.05,40.287499999999994,0.0
732.03,40.287499999999994,0.0
732.03,40.287499999999994,0.0
734.0,39.965199999999996,0.0
734.0,39.965199999999996,0.0
735.0,39.965199999999996,0.0
735.0,39.965199999999996,0.0
737.03,39.6429,0.0
737.03,39.6429,0.0
738.05,39.3206,0.0
738.05,39.6429,0.0
739.0,39.3206,0.0
739.0,39.3206,0.0
740.0,39.3206,0.0
740.0,39.3206,0.0
741.01,39.3206,0.0
741.01,39.3206,0.0
743.0,38.9983,0.0
743.0,38.9983,0.0
744.0,38.675999999999995,0.0
744.0,38.675999999999995,0.0
746.04,38.675999999999995,0.0
746.04,38.675999999999995,0.0
747.04,38.353699999999996,0.0
747.04,38.675999999999995,0.0
748.05,38.353699999999996,0.0
748.05,38.353699999999996,0.0
749.06,38.0314,0.0
749.06,38.0314,0.0
750.01,38.0314,0.0
750.01,38.0314,0.0
751.03,38.0314,0.0
751.03,38.0314,0.0
753.0,37.7091,0.0
753.0,37.7091,0.0
754.01,37.7091,0.13881564766542842
754.01,37.7091,0.13881564766542842
755.01,37.386799999999994,5.136554275879691
755.01,37.7091,5.136554275879691
756.03,37.386799999999994,10.220935578381104
756.03,37.386799999999994,10.220935578381104
757.07,37.386799999999994,15.37755624170059
757.07,37.386799999999994,15.37755624170059
759.01,37.064499999999995,24.87487229368733
759.01,37.064499999999995,24.87487229368733
760.02,37.064499999999995,29.732350400997444
760.02,37.064499999999995,29.732350400997444
761.01,37.064499999999995,34.42014733922901
761.01,36.7422,34.42014733922901
763.05,36.7422,43.80138877429108
763.05,36.7422,43.80138877429108
764.01,36.7422,48.06432985997379
764.01,36.7422,48.06432985997379
765.01,36.7422,52.387016276372265
765.01,36.7422,52.387016276372265
766.0,36.4199,56.53752781370287
766.0,36.4199,56.53752781370287
767.01,36.4199,60.62909115261116
767.01,36.7422,60.62909115261116
769.0,36.4199,68.228834562584
769.0,36.4199,68.228834562584
770.0,36.4199,71.7974592771644
770.0,36.4199,71.7974592771644
771.0,36.4199,75.18662773494638
771.0,36.4199,75.18662773494638
772.0,36.4199,78.38786877982929
772.0,36.4199,78.38786877982929
773.01,36.7422,81.42221882199419
773.01,36.4199,81.42221882199419
775.0,36.4199,86.78648045849773
775.0,36.7422,86.78648045849773
776.0,36.7422,89.16098730414438
776.0,36.7422,89.16098730414438
777.0,36.7422,91.3126381156749
777.0,36.7422,91.3126381156749
778.0,36.7422,93.23605488661916
778.0,36.7422,93.23605488661916
779.01,36.7422,94.94214217983074
779.01,37.064499999999995,94.94214217983074
781.02,37.064499999999995,97.61351372802625
781.02,37.064499999999995,97.61351372802625
782.0,37.064499999999995,98.56002987906331
782.0,37.386799999999994,98.56002987906331
784.0,37.386799999999994,99.75574189078051
784.0,37.386799999999994,99.75574189078051
785.01,37.7091,99.98116673829279
785.01,37.7091,99.98116673829279
787.02,38.0314,99.671385890932
787.02,38.0314,99.671385890932
788.01,38.0314,99.14849986744336
788.01,38.0314,99.14849986744336
790.0,38.675999999999995,97.3645455694978
790.0,38.353699999999996,97.3645455694978
791.0,38.675999999999995,96.10300564841583
791.0,38.675999999999995,96.10300564841583
793.0,38.9983,92.86305699869175
793.0,38.9983,92.86305699869175
794.01,39.3206,90.87188738006125
794.01,39.3206,90.87188738006125
795.01,39.3206,88.67214726261582
795.01,39.3206,88.67214726261582
796.03,39.6429,86.20012545084053
796.03,39.6429,86.20012545084053
797.04,39.6429,83.53144476931811
797.04,39.965199999999996,83.53144476931811
799.02,40.287499999999994,77.68857202502294
799.02,40.287499999999994,77.68857202502294
800.07,40.287499999999994,74.27743182159404
800.07,40.6098,74.27743182159404
802.03,40.9321,67.37002441372499
802.03,40.9321,67.37002441372499
803.03,40.9321,63.59234521029396
803.03,40.9321,63.59234521029396
806.0,41.576699999999995,51.4740116923832
806.0,41.576699999999995,51.4740116923832
807.0,41.576699999999995,47.12473718886198
807.0,41.898999999999994,47.12473718886198
808.0,41.898999999999994,42.657675384456674
808.0,41.898999999999994,42.657675384456674
809.0,41.898999999999994,38.08399160727875
809.0,41.898999999999994,38.08399160727875
810.03,42.2213,33.27370222220078
810.03,42.2213,33.27370222220078
811.02,42.2213,28.566904836522163
811.02,42.2213,28.566904836522163
812.03,42.5436,23.692984870032575
812.03,42.5436,23.692984870032575
813.0,42.5436,18.955066676339314
813.0,42.5436,18.955066676339314
814.01,42.865899999999996,13.97456075961957
814.01,42.865899999999996,13.97456075961957
815.01,42.865899999999996,9.008221633198003
815.01,42.865899999999996,9.008221633198003
816.02,42.865899999999996,3.9694065483410332
816.02,42.865899999999996,3.9694065483410332
817.08,42.865899999999996,0.0
817.08,42.865899999999996,0.0
819.0,43.188199999999995,0.0
819.0,42.865899999999996,0.0
820.0,43.188199999999995,0.0
820.0,43.188199999999995,0.0
821.01,43.188199999999995,0.0
821.01,43.188199999999995,0.0
822.0,43.188199999999995,0.0
822.0,43.188199999999995,0.0
823.06,43.188199999999995,0.0
823.06,43.188199999999995,0.0
825.0,43.188199999999995,0.0
825.0,43.188199999999995,0.0
826.0,43.188199999999995,0.0
826.0,43.188199999999995,0.0
827.01,43.188199999999995,0.0
827.01,42.865899999999996,0.0
828.0,42.865899999999996,0.0
828.0,42.865899999999996,0.0
829.08,42.865899999999996,0.0
829.08,42.865899999999996,0.0
831.01,42.865899999999996,0.0
831.01,42.865899999999996,0.0
832.0,42.865899999999996,0.0
832.0,42.865899999999996,0.0
834.01,42.5436,0.0
834.01,42.5436,0.0
835.01,42.5436,0.0
835.01,42.5436,0.0
837.04,42.2213,0.0
837.04,42.5436,0.0
838.01,42.2213,0.0
838.01,42.2213,0.0
840.01,42.2213,0.0
840.01,42.2213,0.0
841.03,41.898999999999994,0.0
841.03,42.2213,0.0
842.0,41.898999999999994,0.0
842.0,41.898999999999994,0.0
843.04,41.898999999999994,0.0
843.04,41.898999999999994,0.0
844.04,41.898999999999994,0.0
844.04,41.898999999999994,0.0
846.0,41.576699999999995,0.0
846.0,41.576699999999995,0.0
847.0,41.576699999999995,0.0
847.0,41.576699999999995,0.0
848.0,41.2544,0.0
848.0,41.2544,0.0
849.04,41.2544,0.0
849.04,41.2544,0.0
850.03,40.9321,0.0
850.03,41.2544,0.0
852.01,40.9321,0.0
852.01,40.9321,0.0
853.0,40.9321,0.0
853.0,40.9321,0.0
855.0,40.6098,0.0
855.0,40.6098,0.0
856.03,40.287499999999994,0.0
856.03,40.6098,0.0
858.0,40.287499999999994,0.0
858.0,40.287499999999994,0.0
859.03,40.287499999999994,0.0
859.03,39.965199999999996,0.0
861.0,39.965199999999996,0.0
861.0,39.965199999999996,0.0
862.0,39.6429,0.0
862.0,39.6429,0.0
864.05,39.6429,0.0
864.05,39.6429,0.0
865.0,39.3206,0.0
865.0,39.3206,0.0
867.0,39.3206,0.0
867.0,39.3206,0.0
868.01,38.9983,0.0
868.01,38.9983,0.0
870.02,38.675999999999995,0.0
870.02,38.675999999999995,0.0
871.03,38.675999999999995,0.0
871.03,38.675999999999995,0.0
873.03,38.353699999999996,0.0
873.03,38.353699999999996,0.0
874.0,38.353699999999996,0.0
874.0,38.353699999999996,0.0
875.0,38.353699999999996,0.0
875.0,38.353699999999996,0.0
876.0,38.0314,0.0
876.0,38.0314,0.0
877.03,38.0314,0.0
877.03,38.0314,0.0
878.09,38.0314,0.0
878.09,38.0314,0.0
880.0,37.7091,1.7701925105413578
880.0,37.7091,1.7701925105413578
881.05,37.386799999999994,7.014519886106793
881.05,37.7091,7.014519886106793
883.03,37.386799999999994,16.83966362465264
883.03,37.386799999999994,16.83966362465264
884.01,37.386799999999994,21.647543725961178
884.01,37.386799999999994,21.647543725961178
886.0,37.064499999999995,31.238519618149752
886.0,37.064499999999995,31.238519618149752
887.0,37.064499999999995,35.947278374319225
887.0,37.064499999999995,35.947278374319225
889.05,36.7422,45.306713045817546
889.05,36.7422,45.306713045817546
890.0,36.7422,49.48853175526281
890.0,36.7422,49.48853175526281
892.0,36.7422,57.91640280442709
892.0,36.4199,57.91640280442709
893.04,36.7422,62.07530468144513
893.04,36.7422,62.07530468144513
894.04,36.4199,65.91612435977875
894.04,36.4199,65.91612435977875
895.0,36.4199,69.44842546815092
895.0,36.4199,69.44842546815092
896.01,36.4199,72.99185956603348
896.01,36.4199,72.99185956603348
898.0,36.4199,79.42078621778232
898.0,36.4199,79.42078621778232
899.01,36.4199,82.38684536009875
899.01,36.4199,82.38684536009875
901.04,36.7422,87.70577965110371
901.04,36.4199,87.70577965110371
902.02,36.7422,89.9534539483935
902.02,36.7422,89.9534539483935
904.0,36.7422,93.83074733335543
904.0,36.7422,93.83074733335543
905.01,37.064499999999995,95.45668522567354
905.01,37.064499999999995,95.45668522567354
906.01,37.064499999999995,96.82675274286889
906.01,37.064499999999995,96.82675274286889
907.0,37.064499999999995,97.9447310386748
907.0,37.064499999999995,97.9447310386748
908.0,37.386799999999994,98.8304064171638
908.0,37.386799999999994,98.8304064171638
910.01,37.7091,99.86172818549154
910.01,37.386799999999994,99.86172818549154
911.01,37.7091,99.99966369402755
911.01,37.7091,99.99966369402755
912.0,37.7091,99.8900090745021
912.0,37.7091,99.8900090745021
913.01,38.0314,99.52597344044383
913.01,38.0314,99.52597344044383
914.0,38.353699999999996,98.92286295640172
914.0,38.0314,98.92286295640172
916.0,38.675999999999995,96.9673122911919
916.0,38.675999999999995,96.9673122911919
917.0,38.675999999999995,95.62461015547345
917.0,38.675999999999995,95.62461015547345
919.02,38.9983,92.18742134291729
919.02,38.9983,92.18742134291729
920.0,39.3206,90.17883476488092
920.0,39.3206,90.17883476488092
921.0,39.6429,87.90614523729423
921.0,39.6429,87.90614523729423
922.0,39.6429,85.41373612725008
922.0,39.6429,85.41373612725008
923.0,39.965199999999996,82.7078371595013
923.0,39.965199999999996,82.7078371595013
924.01,39.965199999999996,79.76506565676696
924.01,39.965199999999996,79.76506565676696
926.0,40.287499999999994,73.37939983903692
926.0,40.6098,73.37939983903692
927.0,40.6098,69.89224968134228
927.0,40.6098,69.89224968134228
928.0,40.9321,66.23040529862375
928.0,40.9321,66.23040529862375
929.07,40.9321,62.12914765509703
929.07,40.9321,62.12914765509703
930.02,41.2544,58.33846802579396
930.02,41.2544,58.33846802579396
932.04,41.576699999999995,49.8519257623417
932.04,41.576699999999995,49.8519257623417
933.0,41.898999999999994,45.63508761803283
933.0,41.898999999999994,45.63508761803283
935.0,42.2213,36.5239257594056
935.0,42.2213,36.5239257594056
936.02,42.2213,31.730834749452097
936.02,42.2213,31.730834749452097
938.04,42.5436,22.007348704904043
938.04,42.5436,22.007348704904043
939.02,42.5436,17.20297853361736
939.02,42.5436,17.20297853361736
940.0,42.865899999999996,12.3573122745224
940.0,42.865899999999996,12.3573122745224
941.0,42.865899999999996,7.3822586133615085
941.0,42.865899999999996,7.3822586133615085
942.0,42.865899999999996,2.3887531502738857
942.0,42.865899999999996,2.3887531502738857
943.05,42.865899999999996,0.0
943.05,42.865899999999996,0.0
945.0,43.188199999999995,0.0
945.0,43.188199999999995,0.0
946.0,43.188199999999995,0.0
946.0,43.188199999999995,0.0
947.01,43.188199999999995,0.0
947.01,43.188199999999995,0.0
948.0,43.188199999999995,0.0
948.0,42.865899999999996,0.0
949.05,43.188199999999995,0.0
949.05,43.188199999999995,0.0
951.0,43.188199999999995,0.0
951.0,43.188199999999995,0.0
952.0,43.188199999999995,0.0
952.0,43.188199999999995,0.0
954.0,43.188199999999995,0.0
954.0,43.188199999999995,0.0
955.03,42.865899999999996,0.0
955.03,42.865899999999996,0.0
956.0,42.865899999999996,0.0
956.0,42.865899999999996,0.0
957.01,42.865899999999996,0.0
957.01,42.865899999999996,0.0
958.0,42.865899999999996,0.0
958.0,42.865899999999996,0.0
959.0,42.5436,0.0
959.0,42.5436,0.0
961.0,42.5436,0.0
961.0,42.5436,0.0
962.0,42.5436,0.0
962.0,42.5436,0.0
963.0,42.5436,0.0
963.0,42.5436,0.0
964.04,42.2213,0.0
964.04,42.2213,0.0
965.09,42.2213,0.0
965.09,42.2213,0.0
967.0,41.898999999999994,0.0
967.0,41.898999999999994,0.0
968.01,41.898999999999994,0.0
968.01,41.898999999999994,0.0
969.0,41.898999999999994,0.0
969.0,41.898999999999994,0.0
970.0,41.898999999999994,0.0
970.0,41.576699999999995,0.0
971.01,41.576699999999995,0.0
971.01,41.576699999999995,0.0
973.0,41.576699999999995,0.0
973.0,41.2544,0.0
974.01,41.2544,0.0
974.01,41.2544,0.0
976.0,40.9321,0.0
976.0,41.2544,0.0
977.05,40.9321,0.0
977.05,40.9321,0.0
978.0,40.9321,0.0
978.0,40.9321,0.0
979.03,40.9321,0.0
979.03,40.6098,0.0
980.01,40.6098,0.0
980.01,40.6098,0.0
982.02,40.6098,0.0
982.02,40.6098,0.0
983.01,40.287499999999994,0.0
983.01,40.287499999999994,0.0
985.02,39.965199999999996,0.0
985.02,39.965199999999996,0.0
986.04,39.965199999999996,0.0
986.04,39.965199999999996,0.0
987.0,39.965199999999996,0.0
987.0,39.6429,0.0
988.01,39.6429,0.0
988.01,39.6429,0.0
989.0,39.6429,0.0
989.0,39.6429,0.0
990.0,39.6429,0.0
990.0,39.3206,0.0
992.0,39.3206,0.0
992.0,39.3206,0.0
993.0,38.9983,0.0
993.0,39.3206,0.0
994.0,38.9983,0.0
994.0,38.9983,0.0
995.0,38.9983,0.0
995.0,38.9983,0.0
996.01,38.675999999999995,0.0
996.01,38.675999999999995,0.0
998.06,38.675999999999995,0.0
998.06,38.675999999999995,0.0
999.06,38.353699999999996,0.0
999.06,38.353699999999996,0.0
