Time,T1,Q1
0.0,20.949499999999997,0.0
0.0,20.949499999999997,0.0
2.03,20.949499999999997,1.0149825721168566
2.03,20.949499999999997,1.0149825721168566
3.06,20.949499999999997,1.5299403077486724
3.06,20.949499999999997,1.5299403077486724
5.0,20.6272,2.4997395914712333
5.0,20.949499999999997,2.4997395914712333
6.06,20.949499999999997,3.029536385832488
6.06,20.949499999999997,3.029536385832488
8.05,20.949499999999997,4.023913296103063
8.05,20.949499999999997,4.023913296103063
9.0,20.949499999999997,4.498481403766023
9.0,20.949499999999997,4.498481403766023
11.0,20.949499999999997,5.497227502706773
11.0,20.6272,5.497227502706773
12.0,20.949499999999997,5.996400647944459
12.0,20.949499999999997,5.996400647944459
13.03,20.949499999999997,6.51039213400368
13.03,20.949499999999997,6.51039213400368
14.0,20.949499999999997,6.994284733753277
14.0,20.949499999999997,6.994284733753277
15.02,20.949499999999997,7.502942577973883
15.02,20.949499999999997,7.502942577973883
17.04,20.949499999999997,8.509695903803431
17.04,20.949499999999997,8.509695903803431
18.01,20.949499999999997,8.992834672229272
18.01,20.949499999999997,8.992834672229272
20.03,20.949499999999997,9.998266614793422
20.03,20.949499999999997,9.998266614793422
21.0,20.949499999999997,10.480716882888249
21.0,20.949499999999997,10.480716882888249
22.0,20.949499999999997,10.977830083717482
22.0,20.949499999999997,10.977830083717482
23.0,20.949499999999997,11.474668839366382
23.0,20.949499999999997,11.474668839366382
24.06,20.949499999999997,12.001004448815857
24.06,20.949499999999997,12.001004448815857
25.07,20.949499999999997,12.502199492534055
25.07,20.949499999999997,12.502199492534055
27.02,20.949499999999997,13.468940046735206
27.02,20.949499999999997,13.468940046735206
28.03,20.949499999999997,13.969164547325134
28.03,21.2718,13.969164547325134
30.0,21.2718,14.943813247359921
30.0,21.2718,14.943813247359921
31.03,21.2718,15.452829928342771
31.03,21.2718,15.452829928342771
32.09,21.2718,15.976244274580335
32.09,21.2718,15.976244274580335
33.01,21.2718,16.430165170291232
33.01,21.2718,16.430165170291232
34.07,21.2718,16.952729336595276
34.07,21.2718,16.952729336595276
36.0,21.2718,17.902957342582418
36.0,21.2718,17.902957342582418
37.04,21.594099999999997,18.414311709792603
37.04,21.594099999999997,18.414311709792603
39.04,21.594099999999997,19.396274061969308
39.04,21.594099999999997,19.396274061969308
40.0,21.594099999999997,19.866933079506122
40.0,21.594099999999997,19.866933079506122
42.04,21.594099999999997,20.865550185854236
42.04,21.594099999999997,20.865550185854236
43.06,21.594099999999997,21.364051161401377
43.06,21.594099999999997,21.364051161401377
45.01,21.9164,22.315510155819563
45.01,21.9164,22.315510155819563
46.02,21.9164,22.807488903463906
46.02,21.9164,22.807488903463906
48.05,21.9164,23.794545349011102
48.05,21.9164,23.794545349011102
49.03,21.9164,24.27018426580136
49.03,22.238699999999998,24.27018426580136
50.07,22.238699999999998,24.77430634417056
50.07,22.238699999999998,24.77430634417056
51.06,22.238699999999998,25.253569626768684
51.06,22.238699999999998,25.253569626768684
52.03,22.238699999999998,25.722550749617547
52.03,22.238699999999998,25.722550749617547
54.0,22.238699999999998,26.673143668883114
54.0,22.238699999999998,26.673143668883114
55.0,22.238699999999998,27.154693695611286
55.0,22.561,27.154693695611286
56.05,22.561,27.65959037850747
56.05,22.561,27.65959037850747
57.04,22.561,28.1349378001397
57.04,22.561,28.1349378001397
58.02,22.561,28.604804806246598
58.02,22.561,28.604804806246598
60.04,22.561,29.571126804748683
60.04,22.8833,29.571126804748683
61.01,22.8833,30.034086718150355
61.01,22.8833,30.034086718150355
63.0,22.8833,30.981647122760286
63.0,23.205599999999997,30.981647122760286
64.04,23.205599999999997,31.475640140713747
64.04,22.8833,31.475640140713747
65.04,23.205599999999997,31.949830961484473
65.04,23.205599999999997,31.949830961484473
66.0,23.205599999999997,32.40430283948684
66.0,23.205599999999997,32.40430283948684
67.0,23.5279,32.87691698739032
67.0,23.205599999999997,32.87691698739032
69.05,23.5279,33.843193553984605
69.05,23.5279,33.843193553984605
70.02,23.5279,34.29917430120904
70.02,23.5279,34.29917430120904
72.0,23.850199999999997,35.227423327508994
72.0,23.850199999999997,35.227423327508994
73.0,23.850199999999997,35.69492944769114
73.0,23.850199999999997,35.69492944769114
74.02,23.850199999999997,36.170866289129
74.02,23.850199999999997,36.170866289129
75.01,24.1725,36.63190540092832
75.01,24.1725,36.63190540092832
76.06,24.1725,37.11990521080556
76.06,24.1725,37.11990521080556
78.05,24.494799999999998,38.04196305048292
78.05,24.494799999999998,38.04196305048292
79.02,24.494799999999998,38.49004865404866
79.02,24.494799999999998,38.49004865404866
81.01,24.494799999999998,39.40647149980961
81.01,24.494799999999998,39.40647149980961
82.0,24.817099999999996,39.86093279844229
82.0,24.817099999999996,39.86093279844229
83.04,24.817099999999996,40.33729455847068
83.04,24.817099999999996,40.33729455847068
84.06,25.1394,40.80343613883347
84.06,25.1394,40.80343613883347
85.01,25.1394,41.23663331646525
85.01,25.1394,41.23663331646525
87.05,25.461699999999997,42.16371057057862
87.05,25.461699999999997,42.16371057057862
88.02,25.461699999999997,42.60299381024735
88.02,25.461699999999997,42.60299381024735
90.01,25.461699999999997,43.50105559226222
90.01,25.784,43.50105559226222
91.0,25.784,43.946231380585324
91.0,25.784,43.946231380585324
92.02,25.784,44.403770999538246
92.02,25.784,44.403770999538246
93.0,26.106299999999997,44.842280144563446
93.0,26.106299999999997,44.842280144563446
94.01,26.106299999999997,45.293086322735164
94.01,26.106299999999997,45.293086322735164
96.01,26.4286,46.182352471037944
96.01,26.4286,46.182352471037944
97.04,26.4286,46.638528511314775
97.04,26.4286,46.638528511314775
99.04,26.750899999999998,47.52076355111118
99.04,26.750899999999998,47.52076355111118
100.02,26.750899999999998,47.95132944631181
100.02,26.750899999999998,47.95132944631181
101.0,27.073199999999996,48.38074403239602
101.0,27.073199999999996,48.38074403239602
102.06,27.073199999999996,48.84390482632979
102.06,27.073199999999996,48.84390482632979
103.07,27.3955,49.283942131493475
103.07,27.073199999999996,49.283942131493475
105.0,27.3955,50.12130046737978
105.0,27.3955,50.12130046737978
106.03,27.717799999999997,50.56627565776888
106.03,27.717799999999997,50.56627565776888
108.02,28.0401,51.422175995042664
108.02,28.0401,51.422175995042664
109.02,28.0401,51.85036006413621
109.02,28.0401,51.85036006413621
111.02,28.362399999999997,52.70282876124702
111.02,28.362399999999997,52.70282876124702
112.04,28.362399999999997,53.13556383182325
112.04,28.362399999999997,53.13556383182325
113.0,28.6847,53.54158160111834
113.0,28.6847,53.54158160111834
114.03,28.6847,53.975832780890954
114.03,28.6847,53.975832780890954
116.0,29.006999999999998,54.802393679187354
116.0,29.006999999999998,54.802393679187354
117.08,29.006999999999998,55.253282297973946
117.08,29.329299999999996,55.253282297973946
118.04,29.329299999999996,55.652719992027556
118.04,29.329299999999996,55.652719992027556
119.01,29.329299999999996,56.0550161223033
119.01,29.329299999999996,56.0550161223033
120.01,29.6516,56.46837394699607
120.01,29.6516,56.46837394699607
122.0,29.973899999999997,57.28674601004813
122.0,29.973899999999997,57.28674601004813
123.05,29.973899999999997,57.71626976150412
123.05,30.2962,57.71626976150412
125.01,30.2962,58.51378203650489
125.01,30.2962,58.51378203650489
126.03,30.618499999999997,58.92659554401833
126.03,30.618499999999997,58.92659554401833
128.02,30.940799999999996,59.727564795206966
128.02,30.940799999999996,59.727564795206966
129.02,30.940799999999996,60.127834548461
129.02,30.940799999999996,60.127834548461
130.03,30.940799999999996,60.53058114970271
130.03,30.940799999999996,60.53058114970271
131.01,31.263099999999998,60.91988949643543
131.01,31.263099999999998,60.91988949643543
132.06,31.263099999999998,61.335382204906985
132.06,31.585399999999996,61.335382204906985
134.01,31.585399999999996,62.10251773436048
134.01,31.585399999999996,62.10251773436048
135.0,31.9077,62.48973167276999
135.0,31.9077,62.48973167276999
136.03,32.23,62.89096528519222
136.03,31.9077,62.89096528519222
137.06,32.23,63.29053087567438
137.06,32.23,63.29053087567438
138.03,32.23,63.66528619627404
138.03,32.552299999999995,63.66528619627404
140.0,32.552299999999995,64.42176872376912
140.0,32.552299999999995,64.42176872376912
141.03,32.8746,64.81480639775626
141.03,32.8746,64.81480639775626
142.03,33.1969,65.19475179693788
142.03,32.8746,65.19475179693788
143.01,33.1969,65.56551705396633
143.01,33.1969,65.56551705396633
144.01,33.1969,65.94222614336836
144.01,33.1969,65.94222614336836
146.0,33.5192,66.68696350036979
146.0,33.5192,66.68696350036979
147.04,33.841499999999996,67.0735508375852
147.04,33.841499999999996,67.0735508375852
148.0,33.841499999999996,67.4287911628145
148.0,33.841499999999996,67.4287911628145
149.02,34.163799999999995,67.80453158559715
149.02,34.163799999999995,67.80453158559715
150.02,34.163799999999995,68.17119255019058
150.02,34.163799999999995,68.17119255019058
152.0,34.4861,68.89214451105514
152.0,34.8084,68.89214451105514
153.03,34.8084,69.26451981255698
153.03,34.8084,69.26451981255698
154.01,35.1307,69.61711332906533
154.01,34.8084,69.61711332906533
155.05,35.1307,69.98946587371299
155.05,35.1307,69.98946587371299
156.01,35.1307,70.33149639981967
156.01,35.1307,70.33149639981967
158.02,35.775299999999994,71.04236533972895
158.02,35.452999999999996,71.04236533972895
159.04,35.775299999999994,71.40036476100393
159.04,35.775299999999994,71.40036476100393
160.05,36.0976,71.75302451576677
160.05,35.775299999999994,71.75302451576677
161.04,36.0976,72.0969250828566
161.04,36.0976,72.0969250828566
162.1,36.4199,72.46318330363589
162.1,36.4199,72.46318330363589
164.03,36.7422,73.12481546822147
164.03,36.7422,73.12481546822147
165.03,36.7422,73.4649557527378
165.03,36.7422,73.4649557527378
166.01,37.064499999999995,73.7965113975538
166.01,37.064499999999995,73.7965113975538
167.04,37.064499999999995,74.14307324372099
167.04,37.064499999999995,74.14307324372099
168.02,37.386799999999994,74.47098625301167
168.02,37.386799999999994,74.47098625301167
170.03,37.7091,75.13793941598998
170.03,37.7091,75.13793941598998
171.0,37.7091,75.45709161345863
171.0,37.7091,75.45709161345863
172.01,38.0314,75.78751838213684
172.01,38.0314,75.78751838213684
173.05,38.353699999999996,76.12573998743719
173.05,38.0314,76.12573998743719
174.09,38.353699999999996,76.46190315736663
174.09,38.353699999999996,76.46190315736663
176.0,38.675999999999995,77.07388788989692
176.0,38.675999999999995,77.07388788989692
177.03,38.675999999999995,77.40099718484052
177.03,38.9983,77.40099718484052
179.05,39.3206,78.03654364912856
179.05,39.3206,78.03654364912856
180.0,39.3206,78.33269096274834
180.0,39.3206,78.33269096274834
181.03,39.6429,78.65177989420336
181.03,39.6429,78.65177989420336
182.01,39.6429,78.95344259905323
182.01,39.6429,78.95344259905323
183.03,39.965199999999996,79.26540465444974
183.03,39.965199999999996,79.26540465444974
186.0,40.6098,80.16199408837772
186.0,40.6098,80.16199408837772
187.04,40.6098,80.47178257044706
187.04,40.6098,80.47178257044706
188.0,40.9321,80.75581004051143
188.0,40.9321,80.75581004051143
189.02,40.9321,81.05555040231293
189.02,40.9321,81.05555040231293
190.01,41.2544,81.34445879270655
190.01,41.2544,81.34445879270655
191.01,41.2544,81.63426198631724
191.01,41.2544,81.63426198631724
193.0,41.576699999999995,82.20489164097717
193.0,41.576699999999995,82.20489164097717
194.11,41.898999999999994,82.5196503300952
194.11,41.898999999999994,82.5196503300952
196.04,42.2213,83.06087583906336
196.04,42.2213,83.06087583906336
197.08,42.5436,83.3493169003792
197.08,42.5436,83.3493169003792
199.0,42.865899999999996,83.8758966169443
199.0,42.865899999999996,83.8758966169443
200.05,42.865899999999996,84.16060340869885
200.05,42.865899999999996,84.16060340869885
202.04,43.188199999999995,84.69381998249442
202.04,43.188199999999995,84.69381998249442
203.0,43.51049999999999,84.94805517684644
203.0,43.51049999999999,84.94805517684644
205.0,43.8328,85.47141894740933
205.0,43.8328,85.47141894740933
206.01,44.1551,85.73247290592174
206.01,44.1551,85.73247290592174
207.04,44.1551,85.99644444616392
207.04,44.1551,85.99644444616392
208.0,44.477399999999996,86.24042272433384
208.0,44.477399999999996,86.24042272433384
209.0,44.477399999999996,86.49245379528779
209.0,44.477399999999996,86.49245379528779
211.01,44.799699999999994,86.99248879988191
211.01,44.799699999999994,86.99248879988191
212.06,45.122,87.25021047113482
212.06,45.122,87.25021047113482
213.01,45.4443,87.48131522657452
213.01,45.122,87.48131522657452
215.02,45.7666,87.96377192600832
215.02,45.7666,87.96377192600832
216.01,45.7666,88.19813722006991
216.01,45.7666,88.19813722006991
218.01,46.088899999999995,88.66500376095377
218.01,46.088899999999995,88.66500376095377
219.0,46.411199999999994,88.89282488354226
219.0,46.411199999999994,88.89282488354226
220.04,46.411199999999994,89.12980614609685
220.04,46.411199999999994,89.12980614609685
221.03,46.7335,89.35315512631267
221.03,46.7335,89.35315512631267
222.03,47.0558,89.57653748306986
222.03,47.0558,89.57653748306986
224.05,47.0558,90.0209334658801
224.05,47.0558,90.0209334658801
225.05,47.378099999999996,90.23753600313098
225.05,47.378099999999996,90.23753600313098
226.04,47.700399999999995,90.44975032515994
226.04,47.700399999999995,90.44975032515994
227.05,47.700399999999995,90.66396791787821
227.05,47.700399999999995,90.66396791787821
228.05,48.02269999999999,90.87378663459887
228.05,48.02269999999999,90.87378663459887
230.03,48.345,91.28252031078297
230.03,48.345,91.28252031078297
231.03,48.345,91.48555369177612
231.03,48.6673,91.48555369177612
232.02,48.6673,91.68430381406255
232.02,48.6673,91.68430381406255
233.02,48.6673,91.88278085443659
233.02,48.6673,91.88278085443659
234.09,48.989599999999996,92.09260727621525
234.09,48.989599999999996,92.09260727621525
236.03,49.311899999999994,92.46631407296435
236.03,49.311899999999994,92.46631407296435
237.02,49.63419999999999,92.65366961154976
237.02,49.63419999999999,92.65366961154976
239.0,49.9565,93.02156542796507
239.0,49.9565,93.02156542796507
240.03,49.9565,93.20934291447543
240.03,49.9565,93.20934291447543
242.04,50.2788,93.56865867208391
242.04,50.2788,93.56865867208391
243.01,50.601099999999995,93.7386811703946
243.01,50.601099999999995,93.7386811703946
244.01,50.601099999999995,93.9116537432502
244.01,50.601099999999995,93.9116537432502
245.02,50.923399999999994,94.08397290671401
245.02,50.923399999999994,94.08397290671401
246.01,51.2457,94.25055126399357
246.01,50.923399999999994,94.25055126399357
247.0,51.2457,94.41482025185626
247.0,51.2457,94.41482025185626
249.03,51.568,94.7444150670032
249.03,51.568,94.7444150670032
250.01,51.568,94.90003842874685
250.01,51.890299999999996,94.90003842874685
252.03,51.890299999999996,95.21362034155842
252.03,52.212599999999995,95.21362034155842
253.06,52.212599999999995,95.36977915392016
253.06,52.212599999999995,95.36977915392016
254.0,52.53489999999999,95.51008555846923
254.0,52.53489999999999,95.51008555846923
255.03,52.53489999999999,95.66140295321622
255.03,52.53489999999999,95.66140295321622
256.07,52.8572,95.81161519320766
256.07,52.8572,95.81161519320766
258.01,52.8572,96.0848919048776
258.01,53.1795,96.0848919048776
259.0,53.1795,96.22086523947301
259.0,53.501799999999996,96.22086523947301
260.06,53.501799999999996,96.36383917044586
260.06,53.501799999999996,96.36383917044586
261.06,53.501799999999996,96.49623894284734
261.06,53.824099999999994,96.49623894284734
262.09,53.824099999999994,96.63008862972329
262.09,53.824099999999994,96.63008862972329
264.0,54.14639999999999,96.87151001182653
264.0,54.14639999999999,96.87151001182653
265.02,54.14639999999999,96.9968191322342
265.02,54.4687,96.9968191322342
266.02,54.4687,97.11722206706062
266.02,54.4687,97.11722206706062
267.03,54.4687,97.2363645554331
267.03,54.4687,97.2363645554331
268.0,54.791,97.34845416953193
268.0,54.791,97.34845416953193
270.05,55.113299999999995,97.57780790065073
270.05,55.113299999999995,97.57780790065073
271.02,55.113299999999995,97.6827597834166
271.02,55.113299999999995,97.6827597834166
273.05,55.435599999999994,97.89496242194058
273.05,55.75789999999999,97.89496242194058
274.05,55.75789999999999,97.99578932062175
274.05,55.75789999999999,97.99578932062175
275.06,55.75789999999999,98.09513771944897
275.06,55.75789999999999,98.09513771944897
276.04,56.0802,98.1891438901296
276.04,56.0802,98.1891438901296
277.01,56.0802,98.27986926666317
277.01,56.0802,98.27986926666317
279.05,56.402499999999996,98.46312720117663
279.05,56.402499999999996,98.46312720117663
280.05,56.724799999999995,98.54921909784387
280.05,56.724799999999995,98.54921909784387
282.03,57.04709999999999,98.71241055556173
282.03,57.04709999999999,98.71241055556173
283.01,57.04709999999999,98.78960376172174
283.01,57.04709999999999,98.78960376172174
284.03,57.3694,98.86742855497897
284.03,57.3694,98.86742855497897
285.03,57.3694,98.94123098726521
285.03,57.3694,98.94123098726521
286.0,57.6917,99.01045603371777
286.0,57.6917,99.01045603371777
288.03,58.013999999999996,99.14779005940174
288.03,57.6917,99.14779005940174
289.05,58.013999999999996,99.21294060131355
289.05,58.013999999999996,99.21294060131355
291.0,58.336299999999994,99.3303093487418
291.0,58.336299999999994,99.3303093487418
292.05,58.336299999999994,99.38959747979257
292.05,58.336299999999994,99.38959747979257
294.01,58.65859999999999,99.49293798205927
294.01,58.65859999999999,99.49293798205927
295.06,58.9809,99.54436899879431
295.06,58.9809,99.54436899879431
297.04,59.3032,99.63388705813195
297.04,59.3032,99.63388705813195
298.05,59.3032,99.67578980069923
298.05,59.3032,99.67578980069923
300.04,59.625499999999995,99.7509114094394
300.04,59.625499999999995,99.7509114094394
301.03,59.947799999999994,99.7846053581148
301.03,59.947799999999994,99.7846053581148
303.0,60.27009999999999,99.8443788757924
303.0,59.947799999999994,99.8443788757924
304.03,60.27009999999999,99.87177489128054
304.03,60.27009999999999,99.87177489128054
306.01,60.5924,99.91699832730772
306.01,60.5924,99.91699832730772
307.0,60.5924,99.93593799047014
307.0,60.5924,99.93593799047014
308.05,60.914699999999996,99.95334972349875
308.05,60.914699999999996,99.95334972349875
309.05,60.914699999999996,99.96737103393454
309.05,60.914699999999996,99.96737103393454
310.08,61.236999999999995,99.97920021375563
310.08,61.236999999999995,99.97920021375563
312.02,61.236999999999995,99.99427948419617
312.02,61.55929999999999,99.99427948419617
313.01,61.55929999999999,99.99834899096139
313.01,61.55929999999999,99.99834899096139
314.0,61.55929999999999,99.99996829318346
314.0,61.55929999999999,99.99996829318346
315.06,61.88159999999999,99.99898584809725
315.06,61.88159999999999,99.99898584809725
316.04,61.88159999999999,99.99557857909457
316.04,61.88159999999999,99.99557857909457
318.02,62.2039,99.98136898859258
318.02,62.2039,99.98136898859258
319.04,62.2039,99.97022451445483
319.04,62.2039,99.97022451445483
320.0,62.2039,99.95736030415051
320.0,62.2039,99.95736030415051
321.0,62.526199999999996,99.94151113943138
321.0,62.526199999999996,99.94151113943138
322.08,62.526199999999996,99.92158770305697
322.08,62.526199999999996,99.92158770305697
324.0,62.848499999999994,99.87897434705239
324.0,62.848499999999994,99.87897434705239
325.01,62.848499999999994,99.85286304349172
325.01,63.17079999999999,99.85286304349172
327.01,63.17079999999999,99.79364428419838
327.01,63.17079999999999,99.79364428419838
328.06,63.4931,99.75855918926018
328.06,63.17079999999999,99.75855918926018
330.0,63.4931,99.68650284539189
330.0,63.4931,99.68650284539189
331.04,63.8154,99.64401241014778
331.04,63.8154,99.64401241014778
332.04,63.8154,99.60061529127884
332.04,63.8154,99.60061529127884
333.0,63.8154,99.55661144138624
333.0,63.8154,99.55661144138624
334.08,64.1377,99.50436537899301
334.08,64.1377,99.50436537899301
336.01,64.46,99.40377516179122
336.01,64.46,99.40377516179122
337.01,64.46,99.34801461721747
337.01,64.46,99.34801461721747
339.05,64.46,99.22656323013487
339.05,64.78229999999999,99.22656323013487
340.03,64.78229999999999,99.16454726221677
340.03,64.78229999999999,99.16454726221677
341.01,64.78229999999999,99.10015035828278
341.01,64.78229999999999,99.10015035828278
342.08,65.10459999999999,99.0271223117514
342.08,65.10459999999999,99.0271223117514
343.07,65.10459999999999,98.95702981547426
343.07,65.10459999999999,98.95702981547426
345.03,65.42689999999999,98.81111043969294
345.03,65.42689999999999,98.81111043969294
346.01,65.42689999999999,98.73459118664952
346.01,65.42689999999999,98.73459118664952
348.03,65.7492,98.56939081291152
348.03,65.7492,98.56939081291152
349.03,65.7492,98.48388639726343
349.03,65.7492,98.48388639726343
350.04,65.7492,98.39502779833258
350.04,66.0715,98.39502779833258
351.03,66.0715,98.30549348903368
351.03,66.0715,98.30549348903368
352.07,66.0715,98.20884300883986
352.07,66.0715,98.20884300883986
354.0,66.3938,98.02244727880455
354.0,66.3938,98.02244727880455
355.01,66.3938,97.92126394611236
355.01,66.3938,97.92126394611236
357.0,66.7161,97.71459786945717
357.0,66.7161,97.71459786945717
358.02,66.7161,97.60491718601378
358.02,66.7161,97.60491718601378
359.01,66.7161,97.49603458277141
359.01,66.7161,97.49603458277141
360.03,66.7161,97.38135396083332
360.03,66.7161,97.38135396083332
361.0,67.0384,97.26994520680753
361.0,67.0384,97.26994520680753
363.04,67.0384,97.02817953066557
363.04,67.0384,97.02817953066557
364.01,67.3607,96.90967960535767
364.01,67.3607,96.90967960535767
366.0,67.3607,96.65943918332975
366.0,67.3607,96.65943918332975
367.04,67.3607,96.52485127903367
367.04,67.3607,96.52485127903367
369.02,67.68299999999999,96.26140496952051
369.02,67.68299999999999,96.26140496952051
370.04,67.68299999999999,96.12200657007985
370.04,67.68299999999999,96.12200657007985
371.01,67.68299999999999,95.98712207098818
371.01,67.68299999999999,95.98712207098818
372.14,68.00529999999999,95.82714159282912
372.14,68.00529999999999,95.82714159282912
373.01,68.00529999999999,95.70188627702146
373.01,68.00529999999999,95.70188627702146
375.04,68.00529999999999,95.40258558271397
375.04,68.00529999999999,95.40258558271397
376.04,68.32759999999999,95.25153151862654
376.04,68.32759999999999,95.25153151862654
378.01,68.32759999999999,94.9469923149812
378.01,68.32759999999999,94.9469923149812
379.0,68.32759999999999,94.79047000600882
379.0,68.32759999999999,94.79047000600882
380.01,68.64989999999999,94.62839220262029
380.01,68.64989999999999,94.62839220262029
381.0,68.64989999999999,94.4671817861835
381.0,68.64989999999999,94.4671817861835
382.02,68.64989999999999,94.29866529503983
382.02,68.64989999999999,94.29866529503983
384.03,68.64989999999999,93.95941406668332
384.03,68.9722,93.95941406668332
385.04,68.9722,93.78535995393145
385.04,68.9722,93.78535995393145
387.05,68.9722,93.43186327136226
387.05,68.9722,93.43186327136226
388.03,68.9722,93.25608725984637
388.03,69.2945,93.25608725984637
390.02,69.2945,92.89226922759973
390.02,69.2945,92.89226922759973
391.0,69.2945,92.70972065869579
391.0,69.2945,92.70972065869579
392.02,69.2945,92.5173570985695
392.02,69.2945,92.5173570985695
393.04,69.6168,92.3225871672009
393.04,69.6168,92.3225871672009
394.06,69.6168,92.12541593054489
394.06,69.6168,92.12541593054489
396.0,69.6168,91.74379552818098
396.0,69.6168,91.74379552818098
397.0,69.6168,91.54371012514436
397.0,69.6168,91.54371012514436
399.02,69.6168,91.13256220711283
399.02,69.6168,91.13256220711283
400.03,69.9391,90.92349945708376
400.03,69.9391,90.92349945708376
401.05,69.9391,90.71001347437058
401.05,69.9391,90.71001347437058
402.0,69.9391,90.50905633252009
402.0,69.9391,90.50905633252009
403.05,69.9391,90.2845701356078
403.05,69.9391,90.2845701356078
405.01,69.9391,89.85887604809142
405.01,69.9391,89.85887604809142
406.01,69.9391,89.63835783102786
406.01,70.2614,89.63835783102786
407.04,70.2614,89.40888131988235
407.04,70.2614,89.40888131988235
408.0,70.2614,89.19286509533796
408.0,70.2614,89.19286509533796
409.01,70.2614,88.9633797859298
409.01,70.2614,88.9633797859298
411.05,70.2614,88.49295191888545
411.05,70.2614,88.49295191888545
412.02,70.2614,88.2660354091143
412.02,70.5837,88.2660354091143
414.01,70.2614,87.79401255744249
414.01,70.2614,87.79401255744249
415.03,70.5837,87.54869893197287
415.03,70.5837,87.54869893197287
416.03,70.5837,87.30598473696946
416.03,70.5837,87.30598473696946
417.0,70.5837,87.06846650122031
417.0,70.5837,87.06846650122031
418.06,70.5837,86.80656877043776
418.06,70.5837,86.80656877043776
420.01,70.5837,86.31841232646426
420.01,70.5837,86.31841232646426
421.02,70.5837,86.06234366633093
421.02,70.5837,86.06234366633093
423.06,70.90599999999999,85.53844902330941
423.06,70.90599999999999,85.53844902330941
424.07,70.5837,85.27577264526983
424.07,70.90599999999999,85.27577264526983
426.01,70.90599999999999,84.76513135071025
426.01,70.90599999999999,84.76513135071025
427.05,70.90599999999999,84.48809863720709
427.05,70.5837,84.48809863720709
429.07,70.90599999999999,83.94349468649301
429.07,70.90599999999999,83.94349468649301
430.01,70.90599999999999,83.68714218691117
430.01,70.90599999999999,83.68714218691117
432.03,70.90599999999999,83.13000965539943
432.03,70.90599999999999,83.13000965539943
433.01,70.90599999999999,82.85665908621401
433.01,70.90599999999999,82.85665908621401
434.02,70.90599999999999,82.57285904710201
434.02,70.90599999999999,82.57285904710201
435.03,70.90599999999999,82.28695319812746
435.03,70.90599999999999,82.28695319812746
436.01,70.90599999999999,82.00753358677136
436.01,70.90599999999999,82.00753358677136
438.05,70.90599999999999,81.41957702633657
438.05,70.90599999999999,81.41957702633657
439.05,71.22829999999999,81.12826527818636
439.05,70.90599999999999,81.12826527818636
441.01,71.22829999999999,80.55141764915184
441.01,70.90599999999999,80.55141764915184
442.06,70.90599999999999,80.23920631772137
442.06,70.90599999999999,80.23920631772137
444.05,71.22829999999999,79.64143092772255
444.05,70.90599999999999,79.64143092772255
445.07,70.90599999999999,79.33197331947002
445.07,71.22829999999999,79.33197331947002
447.05,70.90599999999999,78.72537836132128
447.05,70.90599999999999,78.72537836132128
448.05,70.90599999999999,78.41608101731597
448.05,71.22829999999999,78.41608101731597
450.03,70.90599999999999,77.79789620915427
450.03,70.90599999999999,77.79789620915427
451.01,70.90599999999999,77.48910121918856
451.01,70.90599999999999,77.48910121918856
452.02,70.90599999999999,77.16890658798091
452.02,70.90599999999999,77.16890658798091
453.04,70.90599999999999,76.8435444203977
453.04,70.90599999999999,76.8435444203977
454.06,70.90599999999999,76.5161835565563
454.06,70.90599999999999,76.5161835565563
456.0,70.90599999999999,75.88807081809217
456.0,70.90599999999999,75.88807081809217
457.0,70.90599999999999,75.5615087456462
457.0,70.90599999999999,75.5615087456462
458.03,70.90599999999999,75.22317500638344
458.03,70.90599999999999,75.22317500638344
459.0,70.90599999999999,74.90272571066534
459.0,70.90599999999999,74.90272571066534
460.0,70.90599999999999,74.57052121767201
460.0,70.90599999999999,74.57052121767201
462.0,70.90599999999999,73.90052780594708
462.0,70.90599999999999,73.90052780594708
463.01,70.90599999999999,73.55936861393705
463.01,70.90599999999999,73.55936861393705
465.02,70.90599999999999,72.874855144748
465.02,70.90599999999999,72.874855144748
466.01,70.90599999999999,72.53499693590835
466.01,70.90599999999999,72.53499693590835
467.0,70.90599999999999,72.19336144193528
467.0,70.90599999999999,72.19336144193528
468.05,70.90599999999999,71.8290879787297
468.05,70.90599999999999,71.8290879787297
469.07,70.5837,71.47332649197583
469.07,70.90599999999999,71.47332649197583
471.03,70.5837,70.78449614376588
471.03,70.90599999999999,70.78449614376588
472.0,70.5837,70.44107657701763
472.0,70.5837,70.44107657701763
474.0,70.5837,69.72777382599378
474.0,70.5837,69.72777382599378
475.04,70.5837,69.35409623862402
475.04,70.5837,69.35409623862402
477.02,70.5837,68.63749619705823
477.02,70.5837,68.63749619705823
478.07,70.5837,68.25474692997366
478.07,70.5837,68.25474692997366
480.0,70.5837,67.5463180551151
480.0,70.2614,67.5463180551151
481.0,70.2614,67.17677840636277
481.0,70.5837,67.17677840636277
483.0,70.2614,66.43267014143134
483.0,70.2614,66.43267014143134
484.0,70.2614,66.05812012792008
484.0,70.2614,66.05812012792008
485.08,70.2614,65.65175148659476
485.08,70.2614,65.65175148659476
486.01,70.2614,65.30028846175185
486.01,70.2614,65.30028846175185
487.05,69.9391,64.90558256011198
487.05,70.2614,64.90558256011198
488.01,69.9391,64.53968067674892
488.01,69.9391,64.53968067674892
490.0,69.9391,63.77647021345037
490.0,69.9391,63.77647021345037
491.03,69.9391,63.378957117210064
491.03,69.9391,63.378957117210064
493.05,69.9391,62.59449721463308
493.05,69.9391,62.59449721463308
494.0,69.9391,62.223355531930466
494.0,69.9391,62.223355531930466
496.01,69.6168,61.433480630039895
496.01,69.6168,61.433480630039895
497.05,69.6168,61.02234825857538
497.05,69.6168,61.02234825857538
498.03,69.6168,60.63342487156096
498.03,69.6168,60.63342487156096
499.03,69.6168,60.23506366397085
499.03,69.6168,60.23506366397085
500.01,69.2945,59.84320861751058
500.01,69.2945,59.84320861751058
502.0,69.2945,59.04309181139127
502.0,69.2945,59.04309181139127
503.02,69.2945,58.63071076999316
503.02,69.2945,58.63071076999316
504.0,69.2945,58.233064952408185
504.0,68.9722,58.233064952408185
505.05,68.9722,57.80546457095662
505.05,68.9722,57.80546457095662
506.02,68.9722,57.409027202392046
506.02,68.9722,57.409027202392046
508.02,68.9722,56.58737840901915
508.02,68.9722,56.58737840901915
509.02,68.9722,56.17442684586291
509.02,68.9722,56.17442684586291
511.0,68.64989999999999,55.35264959760566
511.0,68.64989999999999,55.35264959760566
512.0,68.64989999999999,54.93554364271266
512.0,68.64989999999999,54.93554364271266
513.01,68.64989999999999,54.5128726084551
513.01,68.64989999999999,54.5128726084551
514.0,68.32759999999999,54.097222037698856
514.0,68.32759999999999,54.097222037698856
515.07,68.32759999999999,53.64649334060145
515.07,68.32759999999999,53.64649334060145
517.02,68.00529999999999,52.821131965674695
517.02,68.32759999999999,52.821131965674695
518.02,68.00529999999999,52.39591699690476
518.02,68.00529999999999,52.39591699690476
519.02,68.00529999999999,51.96939213293884
519.02,68.00529999999999,51.96939213293884
520.05,68.00529999999999,51.52871335259357
520.05,68.00529999999999,51.52871335259357
521.0,68.00529999999999,51.1210502152723
521.0,67.68299999999999,51.1210502152723
523.01,67.68299999999999,50.25473028409686
523.01,67.68299999999999,50.25473028409686
524.02,67.68299999999999,49.817493724853044
524.02,67.68299999999999,49.817493724853044
526.04,67.3607,48.93922038556597
526.04,67.3607,48.93922038556597
527.0,67.3607,48.52006759034371
527.0,67.3607,48.52006759034371
529.02,67.0384,47.63446100481865
529.02,67.0384,47.63446100481865
530.02,67.0384,47.194238071028884
530.02,67.0384,47.194238071028884
532.03,66.7161,46.30583209683606
532.03,66.7161,46.30583209683606
533.05,66.7161,45.85320466590604
533.05,66.7161,45.85320466590604
534.03,66.7161,45.41720378398516
534.03,66.7161,45.41720378398516
535.01,66.7161,44.980112437183266
535.01,66.7161,44.980112437183266
536.01,66.3938,44.532987676987965
536.01,66.3938,44.532987676987965
538.02,66.0715,43.63091046571593
538.02,66.3938,43.63091046571593
539.02,66.0715,43.18046853173409
539.02,66.0715,43.18046853173409
541.0,66.0715,42.28541961211841
541.0,66.0715,42.28541961211841
542.01,65.7492,41.82725251194626
542.01,66.0715,41.82725251194626
543.03,65.7492,41.36346655149481
543.03,65.7492,41.36346655149481
544.03,65.7492,40.90772993146627
544.03,65.42689999999999,40.90772993146627
545.0,65.42689999999999,40.46468817077021
545.0,65.42689999999999,40.46468817077021
547.04,65.42689999999999,39.52983691133442
547.04,65.42689999999999,39.52983691133442
548.01,65.10459999999999,39.08387564289861
548.01,65.10459999999999,39.08387564289861
550.02,64.78229999999999,38.156855990631776
550.02,64.78229999999999,38.156855990631776
551.04,64.78229999999999,37.684948129914666
551.04,64.78229999999999,37.684948129914666
552.0,64.78229999999999,37.23990394250553
552.0,64.78229999999999,37.23990394250553
553.02,64.46,36.766104608224644
553.02,64.46,36.766104608224644
554.03,64.46,36.29600805845258
554.03,64.46,36.29600805845258
555.08,64.1377,35.80631264035195
555.08,64.1377,35.80631264035195
557.05,64.1377,34.88489859779318
557.05,64.1377,34.88489859779318
558.04,63.8154,34.42056952909177
558.04,63.8154,34.42056952909177
559.01,63.8154,33.964802768043114
559.01,63.8154,33.964802768043114
560.04,63.8154,33.47996989892647
560.04,63.8154,33.47996989892647
561.01,63.4931,33.02256760513601
561.01,63.4931,33.02256760513601
563.04,63.17079999999999,32.06282249693135
563.04,63.4931,32.06282249693135
564.0,63.17079999999999,31.60779642170538
564.0,63.17079999999999,31.60779642170538
565.01,63.17079999999999,31.128285144547714
565.01,63.17079999999999,31.128285144547714
566.0,62.848499999999994,30.657498638352294
566.0,62.848499999999994,30.657498638352294
567.0,62.848499999999994,30.18119414865866
567.0,62.848499999999994,30.18119414865866
569.04,62.526199999999996,29.207206168854192
569.04,62.526199999999996,29.207206168854192
570.0,62.526199999999996,28.74780123425444
570.0,62.526199999999996,28.74780123425444
571.01,62.2039,28.263754165518474
571.01,62.2039,28.263754165518474
572.03,62.2039,27.774183057879025
572.03,62.2039,27.774183057879025
573.0,61.88159999999999,27.307940185851393
573.0,61.88159999999999,27.307940185851393
575.04,61.55929999999999,26.3253053266523
575.04,61.55929999999999,26.3253053266523
576.07,61.55929999999999,25.828124106823875
576.07,61.55929999999999,25.828124106823875
578.02,61.236999999999995,24.884993371215742
578.02,61.236999999999995,24.884993371215742
579.05,60.914699999999996,24.38586641288076
579.05,60.914699999999996,24.38586641288076
581.03,60.914699999999996,23.424574402928233
581.03,60.5924,23.424574402928233
582.04,60.5924,22.93332820177908
582.04,60.5924,22.93332820177908
584.05,60.27009999999999,21.953971819752446
584.05,60.27009999999999,21.953971819752446
585.04,60.27009999999999,21.470781065158036
585.04,60.27009999999999,21.470781065158036
587.0,59.947799999999994,20.512620605856874
587.0,59.947799999999994,20.512620605856874
588.1,59.625499999999995,19.974008525165388
588.1,59.625499999999995,19.974008525165388
590.04,59.3032,19.02263031132838
590.04,59.3032,19.02263031132838
591.0,59.3032,18.551177652000543
591.0,59.3032,18.551177652000543
592.01,58.9809,18.05470898028565
592.01,58.9809,18.05470898028565
593.07,58.9809,17.533167681937385
593.07,58.9809,17.533167681937385
594.05,58.9809,17.05054951006777
594.05,58.9809,17.05054951006777
596.0,58.336299999999994,16.089031496745577
596.0,58.336299999999994,16.089031496745577
597.04,58.336299999999994,15.57559069426151
597.04,58.336299999999994,15.57559069426151
599.0,58.013999999999996,14.606818592162568
599.0,58.013999999999996,14.606818592162568
600.0,58.013999999999996,14.112000805986721
600.0,57.6917,14.112000805986721
601.01,57.6917,13.611876774912618
601.01,57.6917,13.611876774912618
602.07,57.6917,13.086621015957775
602.07,57.3694,13.086621015957775
603.0,57.3694,12.625480177214104
603.0,57.3694,12.625480177214104
605.0,57.04709999999999,11.632867596406005
605.0,57.04709999999999,11.632867596406005
606.02,56.724799999999995,11.126181013014765
606.02,56.724799999999995,11.126181013014765
608.0,56.402499999999996,10.141798631660185
608.0,56.402499999999996,10.141798631660185
609.06,56.402499999999996,9.614391390137488
609.06,56.402499999999996,9.614391390137488
611.06,56.0802,8.61855982032783
611.06,55.75789999999999,8.61855982032783
612.0,55.75789999999999,8.150215176026911
612.0,55.75789999999999,8.150215176026911
614.02,55.435599999999994,7.143176694931147
614.02,55.435599999999994,7.143176694931147
615.05,55.113299999999995,6.629399811770731
615.05,55.113299999999995,6.629399811770731
617.04,54.791,5.636276900083168
617.04,54.791,5.636276900083168
618.03,54.791,5.141996740980073
618.03,54.791,5.141996740980073
620.0,54.4687,4.158066243329049
620.0,54.14639999999999,4.158066243329049
621.01,54.14639999999999,3.6534521166128755
621.01,54.14639999999999,3.6534521166128755
622.03,54.14639999999999,3.1437472932613844
622.03,53.824099999999994,3.1437472932613844
623.02,53.824099999999994,2.648955467317223
623.02,53.824099999999994,2.648955467317223
624.0,53.824099999999994,2.159097572609596
624.0,53.501799999999996,2.159097572609596
626.04,53.1795,1.1392407144454884
626.04,53.1795,1.1392407144454884
627.02,53.1795,0.6492607974073633
627.02,52.8572,0.6492607974073633
628.01,52.8572,0.15426529779305848
628.01,52.8572,0.15426529779305848
629.05,52.53489999999999,0.0
629.05,52.53489999999999,0.0
630.06,52.53489999999999,0.0
630.06,52.212599999999995,0.0
632.0,51.890299999999996,0.0
632.0,52.212599999999995,0.0
633.0,51.890299999999996,0.0
633.0,51.890299999999996,0.0
635.01,51.568,0.0
635.01,51.568,0.0
636.01,51.568,0.0
636.01,51.2457,0.0
637.01,51.2457,0.0
637.01,51.2457,0.0
638.06,50.923399999999994,0.0
638.06,50.923399999999994,0.0
639.0,50.601099999999995,0.0
639.0,50.923399999999994,0.0
640.03,50.601099999999995,0.0
640.03,50.601099999999995,0.0
642.0,50.2788,0.0
642.0,50.2788,0.0
643.01,49.9565,0.0
643.01,49.9565,0.0
645.04,49.63419999999999,0.0
645.04,49.63419999999999,0.0
646.02,49.311899999999994,0.0
646.02,49.311899999999994,0.0
647.0,48.989599999999996,0.0
647.0,49.311899999999994,0.0
648.01,48.989599999999996,0.0
648.01,48.989599999999996,0.0
649.06,48.989599999999996,0.0
649.06,48.989599999999996,0.0
650.02,48.6673,0.0
650.02,48.6673,0.0
652.0,48.345,0.0
652.0,48.345,0.0
653.05,48.02269999999999,0.0
653.05,48.02269999999999,0.0
655.01,47.700399999999995,0.0
655.01,47.700399999999995,0.0
656.0,47.700399999999995,0.0
656.0,47.378099999999996,0.0
658.0,47.0558,0.0
658.0,47.378099999999996,0.0
659.03,47.0558,0.0
659.03,47.0558,0.0
661.03,46.7335,0.0
661.03,46.7335,0.0
662.03,46.411199999999994,0.0
662.03,46.411199999999994,0.0
663.06,46.411199999999994,0.0
663.06,46.411199999999994,0.0
664.03,46.088899999999995,0.0
664.03,46.088899999999995,0.0
665.03,45.7666,0.0
665.03,45.7666,0.0
667.01,45.4443,0.0
667.01,45.4443,0.0
668.05,45.4443,0.0
668.05,45.4443,0.0
670.01,45.122,0.0
670.01,45.122,0.0
671.04,44.799699999999994,0.0
671.04,44.799699999999994,0.0
673.01,44.477399999999996,0.0
673.01,44.477399999999996,0.0
674.05,44.477399999999996,0.0
674.05,44.477399999999996,0.0
676.05,44.1551,0.0
676.05,44.1551,0.0
677.08,43.8328,0.0
677.08,43.8328,0.0
679.04,43.51049999999999,0.0
679.04,43.51049999999999,0.0
680.04,43.51049999999999,0.0
680.04,43.51049999999999,0.0
682.0,43.188199999999995,0.0
682.0,43.188199999999995,0.0
683.02,42.865899999999996,0.0
683.02,42.865899999999996,0.0
684.05,42.865899999999996,0.0
684.05,42.865899999999996,0.0
685.12,42.5436,0.0
685.12,42.5436,0.0
686.13,42.5436,0.0
686.13,42.5436,0.0
688.05,42.2213,0.0
688.05,42.2213,0.0
689.02,42.2213,0.0
689.02,41.898999999999994,0.0
691.02,41.576699999999995,0.0
691.02,41.898999999999994,0.0
692.06,41.576699999999995,0.0
692.06,41.576699999999995,0.0
694.03,41.2544,0.0
694.03,41.2544,0.0
695.06,41.2544,0.0
695.06,41.2544,0.0
697.0,40.9321,0.0
697.0,40.9321,0.0
698.0,40.6098,0.0
698.0,40.6098,0.0
700.04,40.6098,0.0
700.04,40.287499999999994,0.0
701.04,40.287499999999994,0.0
701.04,40.287499999999994,0.0
702.0,40.287499999999994,0.0
702.0,40.287499999999994,0.0
703.07,39.965199999999996,0.0
703.07,39.965199999999996,0.0
704.08,39.965199999999996,0.0
704.08,39.965199999999996,0.0
706.05,39.6429,0.0
706.05,39.6429,0.0
707.0,39.3206,0.0
707.0,39.6429,0.0
709.03,39.3206,0.0
709.03,39.3206,0.0
710.01,38.9983,0.0
710.01,38.9983,0.0
712.03,38.675999999999995,0.0
712.03,38.9983,0.0
713.05,38.675999999999995,0.0
713.05,38.675999999999995,0.0
714.0,38.675999999999995,0.0
714.0,38.675999999999995,0.0
715.07,38.353699999999996,0.0
715.07,38.675999999999995,0.0
716.04,38.353699999999996,0.0
716.04,38.353699999999996,0.0
718.03,38.353699999999996,0.0
718.03,38.0314,0.0
719.03,38.0314,0.0
719.03,38.0314,0.0
720.03,37.7091,0.0
720.03,37.7091,0.0
721.07,37.7091,0.0
721.07,37.7091,0.0
722.02,37.7091,0.0
722.02,37.7091,0.0
724.01,37.386799999999994,0.0
724.01,37.386799999999994,0.0
725.06,37.386799999999994,0.0
725.06,37.386799999999994,0.0
727.02,37.064499999999995,0.0
727.02,37.064499999999995,0.0
728.05,36.7422,0.0
728.05,36.7422,0.0
730.0,36.4199,0.0
730.0,36.7422,0.0
731.06,36.7422,0.0
731.06,36.7422,0.0
733.06,36.4199,0.0
733.06,36.0976,0.0
734.0,36.0976,0.0
734.0,36.0976,0.0
735.1,36.0976,0.0
735.1,36.0976,0.0
736.08,36.0976,0.0
736.08,36.0976,0.0
737.09,35.775299999999994,0.0
737.09,35.775299999999994,0.0
739.0,35.775299999999994,0.0
739.0,35.775299999999994,0.0
740.04,35.452999999999996,0.0
740.04,35.452999999999996,0.0
741.01,35.452999999999996,0.0
741.01,35.452999999999996,0.0
742.05,35.452999999999996,0.0
742.05,35.452999999999996,0.0
743.07,35.1307,0.0
743.07,35.1307,0.0
745.04,35.1307,0.0
745.04,35.1307,0.0
746.02,34.8084,0.0
746.02,35.1307,0.0
748.05,34.8084,0.0
748.05,34.8084,0.0
749.05,34.8084,0.0
749.05,34.8084,0.0
750.02,34.4861,0.0
750.02,34.8084,0.0
751.06,34.4861,0.0
751.06,34.4861,0.0
752.07,34.163799999999995,0.0
752.07,34.4861,0.0
754.04,34.163799999999995,0.0
754.04,34.163799999999995,0.0
755.01,34.163799999999995,0.0
755.01,34.163799999999995,0.0
757.01,33.841499999999996,0.0
757.01,33.841499999999996,0.0
758.01,33.841499999999996,0.0
758.01,33.841499999999996,0.0
759.05,33.841499999999996,0.0
759.05,33.841499999999996,0.0
760.01,33.5192,0.0
760.01,33.5192,0.0
761.04,33.5192,0.0
761.04,33.5192,0.0
763.05,33.5192,0.0
763.05,33.1969,0.0
764.01,33.1969,0.0
764.01,33.1969,0.0
766.0,33.1969,0.0
766.0,33.1969,0.0
767.02,32.8746,0.0
767.02,32.8746,0.0
769.09,32.8746,0.0
769.09,32.8746,0.0
770.01,32.552299999999995,0.0
770.01,32.8746,0.0
772.0,32.552299999999995,0.0
772.0,32.552299999999995,0.0
773.02,32.552299999999995,0.0
773.02,32.552299999999995,0.0
774.04,32.23,0.0
774.04,32.23,0.0
775.0,32.23,0.0
775.0,32.23,0.0
776.03,32.23,0.0
776.03,32.23,0.0
778.03,31.9077,0.0
778.03,32.23,0.0
779.01,31.9077,0.0
779.01,31.9077,0.0
780.0,31.9077,0.0
780.0,31.9077,0.0
781.0,31.9077,0.0
781.0,31.9077,0.0
782.01,31.585399999999996,0.0
782.01,31.9077,0.0
784.0,31.585399999999996,0.0
784.0,31.585399999999996,0.0
785.0,31.585399999999996,0.0
785.0,31.585399999999996,0.0
786.0,31.263099999999998,0.0
786.0,31.585399999999996,0.0
787.0,31.263099999999998,0.0
787.0,31.263099999999998,0.0
788.0,31.263099999999998,0.0
788.0,31.263099999999998,0.0
790.0,31.263099999999998,0.0
790.0,30.940799999999996,0.0
791.0,30.940799999999996,0.0
791.0,30.940799999999996,0.0
793.0,30.940799999999996,0.0
793.0,30.940799999999996,0.0
794.0,30.940799999999996,0.0
794.0,30.940799999999996,0.0
795.0,30.618499999999997,0.0
795.0,30.940799999999996,0.0
796.01,30.618499999999997,0.0
796.01,30.618499999999997,0.0
797.0,30.618499999999997,0.0
797.0,30.618499999999997,0.0
798.01,30.618499999999997,0.0
798.01,30.618499999999997,0.0
800.0,30.2962,0.0
800.0,30.2962,0.0
801.0,30.2962,0.0
801.0,30.2962,0.0
802.0,30.2962,0.0
802.0,30.2962,0.0
803.0,30.2962,0.0
803.0,30.2962,0.0
804.01,30.2962,0.0
804.01,30.2962,0.0
806.0,29.973899999999997,0.0
806.0,29.973899999999997,0.0
807.03,29.973899999999997,0.0
807.03,29.973899999999997,0.0
809.01,29.973899999999997,0.0
809.01,29.973899999999997,0.0
810.02,29.6516,0.0
810.02,29.6516,0.0
811.01,29.6516,0.0
811.01,29.6516,0.0
812.0,29.6516,0.0
812.0,29.6516,0.0
813.0,29.6516,0.0
813.0,29.6516,0.0
814.01,29.6516,0.0
814.01,29.6516,0.0
815.03,29.329299999999996,0.0
815.03,29.329299999999996,0.0
816.07,29.329299999999996,0.0
816.07,29.329299999999996,0.0
818.0,29.329299999999996,0.0
818.0,29.329299999999996,0.0
819.0,29.329299999999996,0.0
819.0,29.006999999999998,0.0
820.0,29.329299999999996,0.0
820.0,29.006999999999998,0.0
822.02,29.006999999999998,0.0
822.02,29.006999999999998,0.0
823.02,29.006999999999998,0.0
823.02,29.006999999999998,0.0
825.0,29.006999999999998,0.0
825.0,29.006999999999998,0.0
826.04,29.006999999999998,0.0
826.04,28.6847,0.0
828.03,28.6847,0.0
828.03,28.6847,0.0
829.0,28.6847,0.0
829.0,28.6847,0.0
830.02,28.6847,0.0
830.02,28.6847,0.0
831.02,28.362399999999997,0.0
831.02,28.362399999999997,0.0
832.0,28.362399999999997,0.0
832.0,28.362399999999997,0.0
833.06,28.362399999999997,0.0
833.06,28.362399999999997,0.0
835.0,28.362399999999997,0.0
835.0,28.362399999999997,0.0
836.0,28.362399999999997,0.0
836.0,28.362399999999997,0.0
838.01,28.0401,0.0
838.01,28.0401,0.0
839.0,28.0401,0.0
839.0,28.0401,0.0
841.0,28.0401,0.0
841.0,28.0401,0.0
842.01,28.0401,0.0
842.01,28.0401,0.0
844.01,28.0401,0.0
844.01,28.0401,0.0
845.0,27.717799999999997,0.0
845.0,27.717799999999997,0.0
847.05,27.717799999999997,0.0
847.05,27.717799999999997,0.0
848.01,27.717799999999997,0.0
848.01,27.717799999999997,0.0
850.04,27.3955,0.0
850.04,27.717799999999997,0.0
851.01,27.3955,0.0
851.01,27.3955,0.0
852.01,27.3955,0.0
852.01,27.3955,0.0
853.0,27.3955,0.0
853.0,27.3955,0.0
854.09,27.3955,0.0
854.09,27.3955,0.0
855.0,27.3955,0.0
855.0,27.3955,0.0
857.0,27.3955,0.0
857.0,27.073199999999996,0.0
858.05,27.073199999999996,0.0
858.05,27.073199999999996,0.0
859.0,27.073199999999996,0.0
859.0,27.073199999999996,0.0
861.0,27.073199999999996,0.0
861.0,26.750899999999998,0.0
862.0,27.073199999999996,0.0
862.0,27.073199999999996,0.0
863.0,26.750899999999998,0.0
863.0,27.073199999999996,0.0
864.07,27.073199999999996,0.0
864.07,26.750899999999998,0.0
865.02,26.750899999999998,0.0
865.02,27.073199999999996,0.0
867.0,26.750899999999998,0.0
867.0,26.750899999999998,0.0
868.0,26.750899999999998,0.0
868.0,26.750899999999998,0.0
869.0,26.750899999999998,0.0
869.0,26.750899999999998,0.0
870.05,26.750899999999998,0.0
870.05,26.750899999999998,0.0
871.07,26.750899999999998,0.0
871.07,26.4286,0.0
873.04,26.4286,0.0
873.04,26.4286,0.0
874.01,26.4286,0.0
874.01,26.4286,0.0
876.0,26.4286,0.0
876.0,26.4286,0.0
877.0,26.4286,0.0
877.0,26.4286,0.0
878.0,26.4286,0.0
878.0,26.4286,0.0
879.0,26.4286,0.0
879.0,26.4286,0.0
880.0,26.4286,0.0
880.0,26.4286,0.0
882.04,26.106299999999997,0.0
882.04,26.106299999999997,0.0
883.03,26.106299999999997,0.0
883.03,26.106299999999997,0.0
885.0,26.106299999999997,0.0
885.0,26.106299999999997,0.0
886.01,26.106299999999997,0.0
886.01,26.106299999999997,0.0
887.0,26.106299999999997,0.0
887.0,26.106299999999997,0.0
888.0,26.106299999999997,0.0
888.0,26.106299999999997,0.0
889.05,25.784,0.0
889.05,25.784,0.0
891.03,25.784,0.0
891.03,25.784,0.0
892.01,25.784,0.0
892.01,25.784,0.0
894.0,25.784,0.0
894.0,25.784,0.0
895.0,25.784,0.0
895.0,25.784,0.0
896.05,25.461699999999997,0.0
896.05,25.784,0.0
897.07,25.784,0.0
897.07,25.461699999999997,0.0
898.06,25.461699999999997,0.0
898.06,25.784,0.0
900.0,25.461699999999997,0.0
900.0,25.461699999999997,0.0
901.04,25.461699999999997,0.0
901.04,25.461699999999997,0.0
902.01,25.461699999999997,0.0
902.01,25.461699999999997,0.0
903.03,25.461699999999997,0.0
903.03,25.461699999999997,0.0
904.0,25.461699999999997,0.0
904.0,25.461699999999997,0.0
906.0,25.461699999999997,0.0
906.0,25.461699999999997,0.0
907.0,25.1394,0.0
907.0,25.1394,0.0
909.04,25.461699999999997,0.0
909.04,25.1394,0.0
910.04,25.1394,0.0
910.04,25.1394,0.0
911.0,25.1394,0.0
911.0,25.1394,0.0
912.01,25.1394,0.0
912.01,25.1394,0.0
913.05,25.1394,0.0
913.05,25.1394,0.0
915.04,25.1394,0.0
915.04,25.1394,0.0
916.03,24.817099999999996,0.0
916.03,24.817099999999996,0.0
917.0,25.1394,0.0
917.0,24.817099999999996,0.0
918.06,24.817099999999996,0.0
918.06,24.817099999999996,0.0
919.01,24.817099999999996,0.0
919.01,25.1394,0.0
921.0,24.817099999999996,0.0
921.0,24.817099999999996,0.0
922.03,24.817099999999996,0.0
922.03,24.817099999999996,0.0
923.0,24.817099999999996,0.0
923.0,24.817099999999996,0.0
924.06,24.817099999999996,0.0
924.06,24.817099999999996,0.0
925.04,24.817099999999996,0.0
925.04,24.817099999999996,0.0
927.0,24.817099999999996,0.0
927.0,24.817099999999996,0.0
928.05,24.817099999999996,0.0
928.05,24.494799999999998,0.0
929.01,24.817099999999996,0.0
929.01,24.494799999999998,0.0
930.01,24.494799999999998,0.0
930.01,24.494799999999998,0.0
931.01,24.494799999999998,0.0
931.01,24.494799999999998,0.0
933.0,24.494799999999998,0.0
933.0,24.494799999999998,0.0
934.01,24.494799999999998,0.0
934.01,24.494799999999998,0.0
935.02,24.494799999999998,0.0
935.02,24.494799999999998,0.0
936.06,24.494799999999998,0.0
936.06,24.494799999999998,0.0
937.05,24.494799999999998,0.0
937.05,24.494799999999998,0.0
939.0,24.494799999999998,0.0
939.0,24.494799999999998,0.0
940.01,24.494799999999998,0.0
940.01,24.494799999999998,0.0
942.04,24.1725,0.0
942.04,24.494799999999998,0.0
943.0,24.1725,0.0
943.0,24.1725,0.0
945.04,24.1725,0.0
945.04,24.1725,0.0
946.0,24.1725,0.0
946.0,24.1725,0.0
947.0,24.1725,0.0
947.0,24.1725,0.0
948.0,24.1725,0.0
948.0,24.1725,0.0
949.0,24.1725,0.0
949.0,24.1725,0.0
950.0,24.1725,0.0
950.0,24.1725,0.0
952.0,24.1725,0.0
952.0,24.1725,0.0
953.0,24.1725,0.0
953.0,24.1725,0.0
955.0,23.850199999999997,0.0
955.0,24.1725,0.0
956.04,24.1725,0.0
956.04,23.850199999999997,0.0
958.03,23.850199999999997,0.0
958.03,23.850199999999997,0.0
959.05,23.850199999999997,0.0
959.05,23.850199999999997,0.0
960.0,23.850199999999997,0.0
960.0,23.850199999999997,0.0
961.0,23.850199999999997,0.0
961.0,23.850199999999997,0.0
962.05,23.850199999999997,0.0
962.05,23.850199999999997,0.0
964.0,23.850199999999997,0.0
964.0,23.850199999999997,0.0
965.0,23.850199999999997,0.0
965.0,23.850199999999997,0.0
966.0,23.850199999999997,0.0
966.0,23.850199999999997,0.0
967.01,23.850199999999997,0.0
967.01,23.850199999999997,0.0
968.07,23.850199999999997,0.0
968.07,23.850199999999997,0.0
970.0,23.5279,0.0
970.0,23.5279,0.0
971.0,23.5279,0.0
971.0,23.5279,0.0
973.0,23.5279,0.0
973.0,23.5279,0.0
974.0,23.5279,0.0
974.0,23.5279,0.0
975.01,23.5279,0.0
975.01,23.5279,0.0
976.01,23.5279,0.0
976.01,23.5279,0.0
977.09,23.5279,0.0
977.09,23.5279,0.0
979.0,23.5279,0.0
979.0,23.5279,0.0
980.03,23.5279,0.0
980.03,23.5279,0.0
982.04,23.5279,0.0
982.04,23.5279,0.0
983.0,23.5279,0.0
983.0,23.5279,0.0
984.02,23.5279,0.0
984.02,23.5279,0.0
985.0,23.5279,0.0
985.0,23.5279,0.0
986.0,23.5279,0.0
986.0,23.5279,0.0
987.01,23.205599999999997,0.0
987.01,23.5279,0.0
989.03,23.205599999999997,0.0
989.03,23.205599999999997,0.0
990.07,23.205599999999997,0.0
990.07,23.205599999999997,0.0
992.02,23.205599999999997,0.0
992.02,23.205599999999997,0.0
993.06,23.205599999999997,0.0
993.06,23.205599999999997,0.0
995.02,23.205599999999997,0.0
995.02,23.205599999999997,0.0
996.0,23.205599999999997,0.0
996.0,23.205599999999997,0.0
997.01,23.205599999999997,0.0
997.01,23.205599999999997,0.0
998.01,23.205599999999997,0.0
998.01,23.205599999999997,0.0
999.01,23.205599999999997,0.0
999.01,23.205599999999997,0.0
