Time,T1,Q1
0.0,20.949499999999997,0.0
0.0,20.949499999999997,0.0
3.02,20.6272,0.0015099999999426176
3.02,20.949499999999997,0.0015099999999426176
4.01,20.949499999999997,0.002004999999865664
4.01,20.949499999999997,0.002004999999865664
6.01,20.949499999999997,0.0030049999995477466
6.01,20.949499999999997,0.0030049999995477466
7.0,20.949499999999997,0.0034999999992854167
7.0,20.6272,0.0034999999992854167
9.0,20.949499999999997,0.00449999999848125
9.0,20.949499999999997,0.00449999999848125
10.01,20.6272,0.005004999997910411
10.01,20.949499999999997,0.005004999997910411
11.01,20.949499999999997,0.005504999997219514
11.01,20.949499999999997,0.005504999997219514
12.05,20.949499999999997,0.0060249999963548125
12.05,20.949499999999997,0.0060249999963548125
13.09,20.6272,0.006544999995327195
13.09,20.949499999999997,0.006544999995327195
15.01,20.949499999999997,0.007504999992954679
15.01,20.949499999999997,0.007504999992954679
16.05,20.949499999999997,0.008024999991386417
16.05,20.6272,0.008024999991386417
17.01,20.949499999999997,0.008504999989746513
17.01,20.949499999999997,0.008504999989746513
18.08,20.6272,0.00903999998768728
18.08,20.949499999999997,0.00903999998768728
19.03,20.949499999999997,0.009514999985642623
19.03,20.949499999999997,0.009514999985642623
21.0,20.949499999999997,0.01049999998070625
21.0,20.949499999999997,0.01049999998070625
22.06,20.949499999999997,0.011029999977634672
22.06,20.949499999999997,0.011029999977634672
23.0,20.949499999999997,0.011499999974652083
23.0,20.949499999999997,0.011499999974652083
24.03,20.949499999999997,0.012014999971091867
24.03,20.949499999999997,0.012014999971091867
25.07,20.949499999999997,0.012534999967173714
25.07,20.949499999999997,0.012534999967173714
27.0,20.6272,0.01349999995899375
27.0,20.949499999999997,0.01349999995899375
28.05,20.949499999999997,0.014024999954021232
28.05,20.949499999999997,0.014024999954021232
30.0,20.949499999999997,0.014999999943750002
30.0,20.949499999999997,0.014999999943750002
31.03,20.949499999999997,0.01551499993775506
31.03,20.949499999999997,0.01551499993775506
32.0,20.949499999999997,0.015999999931733334
32.0,20.949499999999997,0.015999999931733334
33.0,20.6272,0.016499999925131254
33.0,20.949499999999997,0.016499999925131254
34.08,20.949499999999997,0.017039999917537307
34.08,20.949499999999997,0.017039999917537307
36.01,20.949499999999997,0.01800499990271898
36.01,20.949499999999997,0.01800499990271898
37.0,20.949499999999997,0.01849999989447292
37.0,20.949499999999997,0.01849999989447292
39.0,20.949499999999997,0.01949999987641875
39.0,20.949499999999997,0.01949999987641875
40.06,20.949499999999997,0.020029999866065767
40.06,20.949499999999997,0.020029999866065767
42.0,20.949499999999997,0.02099999984565
42.0,20.949499999999997,0.02099999984565
43.01,20.949499999999997,0.021504999834244826
43.01,20.949499999999997,0.021504999834244826
45.0,20.949499999999997,0.022499999810156254
45.0,20.949499999999997,0.022499999810156254
46.0,20.949499999999997,0.022999999797216668
46.0,20.949499999999997,0.022999999797216668
47.0,20.949499999999997,0.023499999783702086
47.0,20.949499999999997,0.023499999783702086
48.04,20.949499999999997,0.024019999769023522
48.04,20.949499999999997,0.024019999769023522
49.04,20.949499999999997,0.024519999754297177
49.04,20.949499999999997,0.024519999754297177
51.05,20.949499999999997,0.025524999722830143
51.05,20.949499999999997,0.025524999722830143
52.08,20.949499999999997,0.026039999705712587
52.08,20.949499999999997,0.026039999705712587
53.0,20.949499999999997,0.026499999689839588
53.0,20.949499999999997,0.026499999689839588
54.03,20.6272,0.027014999671402952
54.03,20.949499999999997,0.027014999671402952
55.01,20.949499999999997,0.027504999653196322
55.01,20.949499999999997,0.027504999653196322
57.0,20.949499999999997,0.028499999614181256
57.0,20.949499999999997,0.028499999614181256
58.0,20.949499999999997,0.02899999959351667
58.0,20.949499999999997,0.02899999959351667
59.0,20.949499999999997,0.029499999572127084
59.0,20.949499999999997,0.029499999572127084
60.05,20.949499999999997,0.030024999548874064
60.05,20.949499999999997,0.030024999548874064
61.05,20.949499999999997,0.030524999525959155
61.05,20.949499999999997,0.030524999525959155
63.01,20.6272,0.031504999478820656
63.01,20.949499999999997,0.031504999478820656
64.0,20.949499999999997,0.03199999945386667
64.0,20.949499999999997,0.03199999945386667
66.0,20.949499999999997,0.03299999940105001
66.0,20.949499999999997,0.03299999940105001
67.01,20.949499999999997,0.03350499937312982
67.01,20.949499999999997,0.03350499937312982
68.0,20.949499999999997,0.03399999934493334
68.0,20.949499999999997,0.03399999934493334
69.05,20.949499999999997,0.034524999314117365
69.05,20.6272,0.034524999314117365
70.01,20.949499999999997,0.03500499928511039
70.01,20.949499999999997,0.03500499928511039
72.0,20.949499999999997,0.035999999222400006
72.0,20.949499999999997,0.035999999222400006
73.02,20.949499999999997,0.03650999918888161
73.02,20.949499999999997,0.03650999918888161
75.02,20.949499999999997,0.03750999912039044
75.02,20.949499999999997,0.03750999912039044
76.0,20.949499999999997,0.037999999085466675
76.0,20.949499999999997,0.037999999085466675
77.0,20.949499999999997,0.038499999048889594
77.0,20.949499999999997,0.038499999048889594
78.01,20.949499999999997,0.03900499901096972
78.01,20.949499999999997,0.03900499901096972
79.0,20.949499999999997,0.039499998972835425
79.0,20.949499999999997,0.039499998972835425
80.0,20.949499999999997,0.03999999893333334
80.0,20.949499999999997,0.03999999893333334
82.0,20.949499999999997,0.04099999885131668
82.0,20.949499999999997,0.04099999885131668
83.04,20.949499999999997,0.04151999880705402
83.04,20.949499999999997,0.04151999880705402
85.01,20.949499999999997,0.04250499872012132
85.01,20.949499999999997,0.04250499872012132
86.0,20.949499999999997,0.04299999867488335
86.0,20.949499999999997,0.04299999867488335
88.03,20.949499999999997,0.04401499857881419
88.03,20.949499999999997,0.04401499857881419
89.04,20.949499999999997,0.04451999852933347
89.04,20.949499999999997,0.04451999852933347
90.0,20.949499999999997,0.04499999848125002
90.0,20.949499999999997,0.04499999848125002
91.08,20.949499999999997,0.045539998425916293
91.08,20.949499999999997,0.045539998425916293
92.05,20.949499999999997,0.04602499837508692
92.05,20.949499999999997,0.04602499837508692
94.05,20.949499999999997,0.04702499826685397
94.05,20.949499999999997,0.04702499826685397
95.06,20.949499999999997,0.0475299982104156
95.06,20.949499999999997,0.0475299982104156
97.0,20.949499999999997,0.048499998098597945
97.0,20.949499999999997,0.048499998098597945
98.02,20.949499999999997,0.049009998037982616
98.02,20.949499999999997,0.049009998037982616
99.0,20.949499999999997,0.04949999797854378
99.0,20.949499999999997,0.04949999797854378
100.03,20.949499999999997,0.05001499791479114
100.03,20.949499999999997,0.05001499791479114
101.0,20.949499999999997,0.05049999785353962
101.0,20.949499999999997,0.05049999785353962
103.07,20.949499999999997,0.051534997718840854
103.07,20.949499999999997,0.051534997718840854
104.0,20.949499999999997,0.051999997656533375
104.0,20.949499999999997,0.051999997656533375
105.01,20.949499999999997,0.05250499758759216
105.01,20.949499999999997,0.05250499758759216
106.0,20.949499999999997,0.05299999751871671
106.0,20.6272,0.05299999751871671
107.0,20.949499999999997,0.053499997447827116
107.0,20.949499999999997,0.053499997447827116
109.01,20.949499999999997,0.05450499730128033
109.01,20.949499999999997,0.05450499730128033
110.02,20.949499999999997,0.0550099972255706
110.02,20.949499999999997,0.0550099972255706
111.0,20.949499999999997,0.0554999971507688
111.0,20.949499999999997,0.0554999971507688
112.03,20.949499999999997,0.05601499707071409
112.03,20.949499999999997,0.05601499707071409
113.05,20.949499999999997,0.05652499698997255
113.05,20.949499999999997,0.05652499698997255
115.0,20.949499999999997,0.05749999683151048
115.0,20.949499999999997,0.05749999683151048
116.0,20.949499999999997,0.05799999674813339
116.0,20.949499999999997,0.05799999674813339
118.0,20.949499999999997,0.05899999657701673
118.0,20.949499999999997,0.05899999657701673
119.0,20.949499999999997,0.05949999648925215
119.0,20.949499999999997,0.05949999648925215
121.01,20.949499999999997,0.06050499630833286
121.01,20.949499999999997,0.06050499630833286
122.0,20.949499999999997,0.06099999621698341
122.0,20.949499999999997,0.06099999621698341
123.0,20.949499999999997,0.06149999612319383
123.0,20.949499999999997,0.06149999612319383
124.0,20.949499999999997,0.061999996027866745
124.0,20.949499999999997,0.061999996027866745
125.0,20.949499999999997,0.06249999593098966
125.0,20.949499999999997,0.06249999593098966
127.01,20.949499999999997,0.06350499573152736
127.01,20.949499999999997,0.06350499573152736
128.0,20.949499999999997,0.06399999563093342
128.0,20.949499999999997,0.06399999563093342
130.0,20.949499999999997,0.06499999542291678
130.0,20.949499999999997,0.06499999542291678
131.03,20.949499999999997,0.06551499531325877
131.03,20.949499999999997,0.06551499531325877
133.01,20.949499999999997,0.06650499509756738
133.01,20.949499999999997,0.06650499509756738
134.05,20.949499999999997,0.06702499498167011
134.05,20.949499999999997,0.06702499498167011
135.01,20.949499999999997,0.06750499487307972
135.01,20.949499999999997,0.06750499487307972
136.0,20.949499999999997,0.06799999475946679
136.0,20.949499999999997,0.06799999475946679
137.07,20.949499999999997,0.06853499463479908
137.07,20.949499999999997,0.06853499463479908
139.0,20.949499999999997,0.06949999440496056
139.0,20.949499999999997,0.06949999440496056
140.0,20.949499999999997,0.06999999428333348
140.0,20.949499999999997,0.06999999428333348
141.01,20.949499999999997,0.07050499415871375
141.01,20.949499999999997,0.07050499415871375
142.01,20.949499999999997,0.07100499403355649
142.01,20.949499999999997,0.07100499403355649
143.01,20.949499999999997,0.0715049939066241
143.01,20.949499999999997,0.0715049939066241
145.05,20.949499999999997,0.07252499364212552
145.05,20.949499999999997,0.07252499364212552
146.01,20.949499999999997,0.07300499351505117
146.01,20.949499999999997,0.07300499351505117
147.04,20.949499999999997,0.0735199933768402
147.04,20.949499999999997,0.0735199933768402
148.07,20.949499999999997,0.07403499323667934
148.07,20.949499999999997,0.07403499323667934
149.0,20.949499999999997,0.07449999310843979
149.0,20.949499999999997,0.07449999310843979
151.03,20.949499999999997,0.0755149928229096
151.03,20.949499999999997,0.0755149928229096
152.03,20.949499999999997,0.07601499267940069
152.03,20.949499999999997,0.07601499267940069
154.04,20.949499999999997,0.07701999238518635
154.04,20.949499999999997,0.07701999238518635
155.05,20.949499999999997,0.0775249922344171
155.05,20.949499999999997,0.0775249922344171
156.0,20.949499999999997,0.07799999209080025
156.0,20.949499999999997,0.07799999209080025
157.0,20.949499999999997,0.07849999193772318
157.0,20.949499999999997,0.07849999193772318
158.03,20.6272,0.07901499177800196
158.03,20.6272,0.07901499177800196
160.0,20.949499999999997,0.07999999146666695
160.0,20.949499999999997,0.07999999146666695
161.0,20.949499999999997,0.08049999130566486
161.0,20.6272,0.08049999130566486
162.0,20.6272,0.0809999911426503
162.0,20.949499999999997,0.0809999911426503
163.0,20.949499999999997,0.08149999097761072
163.0,20.949499999999997,0.08149999097761072
164.01,20.949499999999997,0.08200499080885254
164.01,20.949499999999997,0.08200499080885254
166.0,20.949499999999997,0.082999990470217
166.0,20.949499999999997,0.082999990470217
167.02,20.949499999999997,0.08350999029346588
167.02,20.949499999999997,0.08350999029346588
169.01,20.949499999999997,0.0845049899423631
169.01,20.949499999999997,0.0845049899423631
170.01,20.949499999999997,0.08500498976277734
170.01,20.949499999999997,0.08500498976277734
171.0,20.949499999999997,0.08549998958289413
171.0,20.949499999999997,0.08549998958289413
172.01,20.949499999999997,0.08600498939721794
172.01,20.949499999999997,0.08600498939721794
173.02,20.949499999999997,0.08650998920934844
173.02,20.949499999999997,0.08650998920934844
175.02,20.949499999999997,0.0875099888308073
175.02,20.949499999999997,0.0875099888308073
176.05,20.949499999999997,0.08802498863245103
176.05,20.949499999999997,0.08802498863245103
178.01,20.949499999999997,0.08900498824853677
178.01,20.949499999999997,0.08900498824853677
179.0,20.949499999999997,0.08949998805137757
179.0,20.949499999999997,0.08949998805137757
181.0,20.949499999999997,0.09049998764637343
181.0,20.949499999999997,0.09049998764637343
182.0,20.949499999999997,0.09099998744048386
182.0,20.949499999999997,0.09099998744048386
183.0,20.949499999999997,0.0914999872323193
183.0,20.949499999999997,0.0914999872323193
184.03,20.949499999999997,0.09201498701551819
184.03,20.949499999999997,0.09201498701551819
185.08,20.949499999999997,0.09253998679199527
185.08,20.949499999999997,0.09253998679199527
187.0,20.6272,0.09349998637666102
187.0,20.949499999999997,0.09349998637666102
188.0,20.949499999999997,0.09399998615693395
188.0,20.949499999999997,0.09399998615693395
190.05,20.949499999999997,0.0950249856991331
190.05,20.949499999999997,0.0950249856991331
191.0,20.949499999999997,0.09549998548360276
191.0,20.949499999999997,0.09549998548360276
193.01,20.949499999999997,0.09650498502047043
193.01,20.949499999999997,0.09650498502047043
194.05,20.949499999999997,0.09702498477701978
194.05,20.949499999999997,0.09702498477701978
196.01,20.6272,0.0980049843110663
196.01,20.949499999999997,0.0980049843110663
197.0,20.949499999999997,0.09849998407214036
197.0,20.949499999999997,0.09849998407214036
198.0,20.949499999999997,0.0989999838283508
198.0,20.949499999999997,0.0989999838283508
199.0,20.949499999999997,0.09949998358208623
199.0,20.949499999999997,0.09949998358208623
200.0,20.949499999999997,0.09999998333333417
200.0,20.949499999999997,0.09999998333333417
202.0,20.949499999999997,0.10099998282831754
202.0,20.949499999999997,0.10099998282831754
203.0,20.949499999999997,0.10149998257202798
203.0,20.949499999999997,0.10149998257202798
204.0,20.949499999999997,0.10199998231320093
204.0,20.949499999999997,0.10199998231320093
205.0,20.949499999999997,0.10249998205182385
205.0,20.949499999999997,0.10249998205182385
206.08,20.949499999999997,0.10303998176665807
206.08,20.949499999999997,0.10303998176665807
208.0,20.949499999999997,0.1039999812522677
208.0,20.949499999999997,0.1039999812522677
209.01,20.949499999999997,0.10450498097783543
209.01,20.949499999999997,0.10450498097783543
210.01,20.949499999999997,0.10500498070349469
210.01,20.949499999999997,0.10500498070349469
211.03,20.949499999999997,0.10551498042096265
211.03,20.949499999999997,0.10551498042096265
212.0,20.949499999999997,0.10599998014973447
212.0,20.949499999999997,0.10599998014973447
214.0,20.949499999999997,0.10699997958261782
214.0,20.949499999999997,0.10699997958261782
215.0,20.949499999999997,0.10749997929505328
215.0,20.949499999999997,0.10749997929505328
217.0,20.949499999999997,0.10849997871184919
217.0,20.949499999999997,0.10849997871184919
218.01,20.949499999999997,0.10900497841321423
218.01,20.949499999999997,0.10900497841321423
219.0,20.949499999999997,0.10949997811779506
219.0,20.949499999999997,0.10949997811779506
220.01,20.949499999999997,0.11000497781364287
220.01,20.949499999999997,0.11000497781364287
221.01,20.949499999999997,0.11050497750973827
221.01,20.949499999999997,0.11050497750973827
223.04,20.949499999999997,0.11151997688430239
223.04,20.949499999999997,0.11151997688430239
224.04,20.949499999999997,0.11201997657198856
224.04,20.949499999999997,0.11201997657198856
226.0,20.949499999999997,0.11299997595171822
226.0,20.949499999999997,0.11299997595171822
227.0,20.949499999999997,0.11349997563107866
227.0,20.949499999999997,0.11349997563107866
228.0,20.6272,0.11399997530760163
228.0,20.949499999999997,0.11399997530760163
229.01,20.949499999999997,0.11450497497799686
229.01,20.949499999999997,0.11450497497799686
230.0,20.949499999999997,0.11499997465208502
230.0,20.949499999999997,0.11499997465208502
232.01,20.949499999999997,0.1160049739817043
232.01,20.949499999999997,0.1160049739817043
233.04,20.949499999999997,0.1165199736336418
233.04,20.949499999999997,0.1165199736336418
235.0,20.949499999999997,0.11749997296276228
235.0,20.949499999999997,0.11749997296276228
236.0,20.949499999999997,0.11799997261613526
236.0,20.949499999999997,0.11799997261613526
237.0,20.949499999999997,0.1184999722665582
237.0,20.949499999999997,0.1184999722665582
238.0,20.949499999999997,0.11899997191401866
238.0,20.949499999999997,0.11899997191401866
239.01,20.949499999999997,0.1195049715549339
239.01,20.949499999999997,0.1195049715549339
241.0,20.6272,0.12049997083850005
241.0,20.949499999999997,0.12049997083850005
242.0,20.949499999999997,0.1209999704739855
242.0,20.949499999999997,0.1209999704739855
244.0,20.949499999999997,0.12199996973586894
244.0,20.949499999999997,0.12199996973586894
245.0,20.949499999999997,0.12249996936224192
245.0,20.949499999999997,0.12249996936224192
246.0,20.949499999999997,0.12299996898555236
246.0,20.949499999999997,0.12299996898555236
247.01,20.949499999999997,0.1235049686019746
247.01,20.949499999999997,0.1235049686019746
248.0,20.949499999999997,0.12399996822293577
248.0,20.949499999999997,0.12399996822293577
250.0,20.949499999999997,0.1249999674479192
250.0,20.949499999999997,0.1249999674479192
251.01,20.949499999999997,0.12550496705179195
251.01,20.949499999999997,0.12550496705179195
253.04,20.949499999999997,0.12651996624592085
253.04,20.949499999999997,0.12651996624592085
254.0,20.949499999999997,0.1269999658602861
254.0,20.949499999999997,0.1269999658602861
256.01,20.949499999999997,0.12800496504337336
256.01,20.949499999999997,0.12800496504337336
257.0,20.949499999999997,0.1284999646362675
257.0,20.949499999999997,0.1284999646362675
258.02,20.949499999999997,0.12900996421353184
258.02,20.949499999999997,0.12900996421353184
259.08,20.949499999999997,0.12953996377066257
259.08,20.949499999999997,0.12953996377066257
260.1,20.949499999999997,0.1300499633410702
260.1,20.949499999999997,0.1300499633410702
262.03,20.949499999999997,0.13101496251894768
262.03,20.949499999999997,0.13101496251894768
263.0,20.949499999999997,0.1314999621011554
263.0,20.949499999999997,0.1314999621011554
265.0,20.949499999999997,0.13249996122995134
265.0,20.949499999999997,0.13249996122995134
266.01,20.949499999999997,0.1330049607849644
266.01,20.949499999999997,0.1330049607849644
268.02,20.949499999999997,0.13400995988929162
268.02,20.949499999999997,0.13400995988929162
269.01,20.949499999999997,0.1345049594431705
269.01,20.949499999999997,0.1345049594431705
270.0,20.949499999999997,0.13499995899375372
270.0,20.949499999999997,0.13499995899375372
271.0,20.949499999999997,0.13549995853643923
271.0,20.949499999999997,0.13549995853643923
273.0,20.949499999999997,0.13649995761163522
273.0,20.949499999999997,0.13649995761163522
274.0,20.949499999999997,0.13699995714412072
274.0,20.949499999999997,0.13699995714412072
275.02,20.949499999999997,0.13750995666372737
275.02,20.949499999999997,0.13750995666372737
276.01,20.949499999999997,0.13800495619404302
276.01,20.949499999999997,0.13800495619404302
277.04,20.949499999999997,0.13851995570179218
277.04,20.949499999999997,0.13851995570179218
279.01,20.949499999999997,0.13950495475005795
279.01,20.949499999999997,0.13950495475005795
280.0,20.949499999999997,0.13999995426667117
280.0,20.949499999999997,0.13999995426667117
281.0,20.949499999999997,0.14049995377491917
281.0,20.949499999999997,0.14049995377491917
282.01,20.949499999999997,0.14100495327468424
282.01,20.949499999999997,0.14100495327468424
283.01,20.949499999999997,0.14150495277585942
283.01,20.949499999999997,0.14150495277585942
285.0,20.949499999999997,0.14249995177266114
285.0,20.949499999999997,0.14249995177266114
286.0,20.949499999999997,0.14299995126322165
286.0,20.949499999999997,0.14299995126322165
288.0,20.949499999999997,0.14399995023360515
288.0,20.949499999999997,0.14399995023360515
289.03,20.949499999999997,0.14451494969774137
289.03,20.949499999999997,0.14451494969774137
291.0,20.949499999999997,0.14549994866214921
291.0,20.949499999999997,0.14549994866214921
292.0,20.949499999999997,0.14599994813107223
292.0,20.949499999999997,0.14599994813107223
293.0,20.949499999999997,0.14649994759634521
293.0,20.949499999999997,0.14649994759634521
294.01,20.949499999999997,0.1470049470525533
294.01,20.949499999999997,0.1470049470525533
295.03,20.949499999999997,0.1475149464995724
295.03,20.949499999999997,0.1475149464995724
296.0,20.949499999999997,0.14799994597013927
296.0,20.949499999999997,0.14799994597013927
298.05,20.949499999999997,0.14902494483976692
298.05,20.949499999999997,0.14902494483976692
299.01,20.949499999999997,0.14950494430504557
299.01,20.949499999999997,0.14950494430504557
301.0,20.949499999999997,0.15049994318562934
301.0,20.949499999999997,0.15049994318562934
302.0,20.949499999999997,0.1509999426174899
302.0,20.949499999999997,0.1509999426174899
303.0,20.949499999999997,0.1514999420455754
303.0,20.949499999999997,0.1514999420455754
304.0,20.949499999999997,0.15199994146987342
304.0,20.949499999999997,0.15199994146987342
305.01,20.949499999999997,0.1525049408845572
305.01,20.949499999999997,0.1525049408845572
307.0,20.949499999999997,0.15349993971991752
307.0,20.949499999999997,0.15349993971991752
308.0,20.949499999999997,0.15399993912894056
308.0,20.949499999999997,0.15399993912894056
309.0,20.949499999999997,0.1544999385341136
309.0,20.949499999999997,0.1544999385341136
310.0,20.949499999999997,0.15499993793542413
310.0,20.949499999999997,0.15499993793542413
311.01,20.949499999999997,0.15550493732681442
311.01,20.949499999999997,0.15550493732681442
313.05,20.949499999999997,0.15652493608543555
313.05,20.949499999999997,0.15652493608543555
314.0,20.949499999999997,0.15699993550179128
314.0,20.949499999999997,0.15699993550179128
316.0,20.949499999999997,0.15799993426147488
316.0,20.949499999999997,0.15799993426147488
317.06,20.949499999999997,0.15852993359770745
317.06,20.949499999999997,0.15852993359770745
318.01,20.949499999999997,0.15900493299903803
318.01,20.949499999999997,0.15900493299903803
319.0,20.949499999999997,0.15949993237134402
319.0,20.949499999999997,0.15949993237134402
320.01,20.949499999999997,0.16000493172694188
320.01,20.949499999999997,0.16000493172694188
322.0,20.949499999999997,0.16099993044532568
322.0,20.949499999999997,0.16099993044532568
323.0,20.949499999999997,0.16149992979528624
323.0,20.949499999999997,0.16149992979528624
325.0,20.949499999999997,0.16249992848308237
325.0,20.949499999999997,0.16249992848308237
326.0,20.949499999999997,0.16299992782089295
326.0,20.949499999999997,0.16299992782089295
328.0,20.949499999999997,0.16399992648427655
328.0,20.949499999999997,0.16399992648427655
329.0,20.949499999999997,0.16449992580982464
329.0,20.949499999999997,0.16449992580982464
330.0,20.949499999999997,0.16499992513126022
330.0,20.949499999999997,0.16499992513126022
331.0,20.949499999999997,0.16549992444857078
331.0,20.949499999999997,0.16549992444857078
332.0,20.949499999999997,0.16599992376174386
332.0,20.949499999999997,0.16599992376174386
334.02,20.949499999999997,0.16700992236168216
334.02,20.949499999999997,0.16700992236168216
335.02,20.949499999999997,0.16750992166228412
335.02,20.949499999999997,0.16750992166228412
336.01,20.949499999999997,0.16800492096575495
336.01,20.949499999999997,0.16800492096575495
338.02,20.949499999999997,0.1690099195389135
338.02,20.949499999999997,0.1690099195389135
339.02,20.949499999999997,0.16950991882268945
339.02,20.949499999999997,0.16950991882268945
340.03,20.949499999999997,0.1700149180950016
340.03,20.949499999999997,0.1700149180950016
341.01,20.949499999999997,0.17050491738478382
341.01,20.949499999999997,0.17050491738478382
342.01,20.949499999999997,0.17100491665585174
342.01,20.949499999999997,0.17100491665585174
343.0,20.949499999999997,0.1714999159299978
343.0,20.949499999999997,0.1714999159299978
344.0,20.949499999999997,0.1719999151925459
344.0,20.949499999999997,0.1719999151925459
345.04,20.949499999999997,0.17251991442103431
345.04,20.949499999999997,0.17251991442103431
346.01,20.949499999999997,0.17300491369724713
346.01,20.949499999999997,0.17300491369724713
348.0,20.949499999999997,0.1739999121996133
348.0,20.949499999999997,0.1739999121996133
349.0,20.949499999999997,0.17449991144053642
349.0,20.949499999999997,0.17449991144053642
351.01,20.949499999999997,0.17550490990158235
351.01,20.949499999999997,0.17550490990158235
352.03,20.949499999999997,0.1760149091138468
352.03,20.949499999999997,0.1760149091138468
353.0,20.949499999999997,0.17649990836047885
353.0,20.949499999999997,0.17649990836047885
354.05,20.949499999999997,0.17702490754029773
354.05,20.949499999999997,0.17702490754029773
355.0,20.949499999999997,0.1774999067940251
355.0,20.949499999999997,0.1774999067940251
357.02,20.949499999999997,0.17850990519388935
357.02,20.949499999999997,0.17850990519388935
358.02,20.949499999999997,0.17900990439501058
358.02,20.949499999999997,0.17900990439501058
359.03,20.949499999999997,0.17951490358360042
359.03,20.949499999999997,0.17951490358360042
360.0,20.949499999999997,0.17999990280001577
360.0,20.949499999999997,0.17999990280001577
361.06,20.949499999999997,0.1805299019388854
361.06,20.949499999999997,0.1805299019388854
363.01,20.949499999999997,0.1815049003414744
363.01,20.949499999999997,0.1815049003414744
364.07,20.949499999999997,0.18203489946590518
364.07,20.949499999999997,0.18203489946590518
366.01,20.949499999999997,0.18300489785019464
366.01,20.949499999999997,0.18300489785019464
367.03,20.949499999999997,0.18351489699379653
367.03,20.949499999999997,0.18351489699379653
368.0,20.949499999999997,0.1839998961749509
368.0,20.949499999999997,0.1839998961749509
369.07,20.949499999999997,0.18453489526666736
369.07,20.949499999999997,0.18453489526666736
370.05,20.949499999999997,0.18502489443014772
370.05,20.949499999999997,0.18502489443014772
372.01,20.949499999999997,0.18600489274376933
372.01,20.949499999999997,0.18600489274376933
373.0,20.949499999999997,0.18649989188519173
373.0,20.949499999999997,0.18649989188519173
375.02,20.949499999999997,0.187509890119159
375.02,20.949499999999997,0.187509890119159
376.07,20.949499999999997,0.18803488919362274
376.07,20.949499999999997,0.18803488919362274
378.05,20.949499999999997,0.18902488743421297
378.05,20.949499999999997,0.18902488743421297
379.1,20.949499999999997,0.1895498864936815
379.1,20.949499999999997,0.1895498864936815
381.0,20.949499999999997,0.19049988477847718
381.0,20.949499999999997,0.19049988477847718
382.04,20.949499999999997,0.19101988383235308
382.04,20.949499999999997,0.19101988383235308
384.04,20.949499999999997,0.19201988199835393
384.04,20.949499999999997,0.19201988199835393
385.08,20.949499999999997,0.19253988103709208
385.08,20.949499999999997,0.19253988103709208
387.05,20.949499999999997,0.19352487920195752
387.05,20.949499999999997,0.19352487920195752
388.02,20.949499999999997,0.19400987829147062
388.02,20.949499999999997,0.19400987829147062
390.02,20.949499999999997,0.19500987639976
390.02,20.949499999999997,0.19500987639976
391.01,20.949499999999997,0.19550487545615397
391.01,20.949499999999997,0.19550487545615397
393.03,20.949499999999997,0.19651487351594427
393.03,20.949499999999997,0.19651487351594427
394.01,20.949499999999997,0.1970048725674389
394.01,20.949499999999997,0.1970048725674389
395.05,20.949499999999997,0.19752487155568818
395.05,20.949499999999997,0.19752487155568818
396.0,20.949499999999997,0.19799987062682536
396.0,20.949499999999997,0.19799987062682536
397.07,20.949499999999997,0.19853486957528257
397.07,20.949499999999997,0.19853486957528257
399.0,20.949499999999997,0.1994998676641951
399.0,20.949499999999997,0.1994998676641951
400.01,20.949499999999997,0.2000048666566931
400.01,20.949499999999997,0.2000048666566931
402.04,20.949499999999997,0.20101986461627236
402.04,20.949499999999997,0.20101986461627236
403.05,20.949499999999997,0.20152486359337904
403.05,20.949499999999997,0.20152486359337904
405.02,20.949499999999997,0.20250986158343048
405.02,20.949499999999997,0.20250986158343048
406.07,20.949499999999997,0.20303486050411726
406.07,20.949499999999997,0.20303486050411726
408.02,20.949499999999997,0.20400985848482042
408.02,20.949499999999997,0.20400985848482042
409.0,20.949499999999997,0.20449985746267776
409.0,20.949499999999997,0.20449985746267776
411.0,20.949499999999997,0.20549985536142426
411.0,20.949499999999997,0.20549985536142426
412.01,20.949499999999997,0.20600485429248835
412.01,20.949499999999997,0.20600485429248835
413.05,20.949499999999997,0.20652485318631164
413.05,20.949499999999997,0.20652485318631164
414.02,20.949499999999997,0.20700985214955614
414.02,20.949499999999997,0.20700985214955614
415.08,20.949499999999997,0.20753985101103845
415.08,20.949499999999997,0.20753985101103845
417.03,20.949499999999997,0.20851484890135755
417.03,20.949499999999997,0.20851484890135755
418.06,20.949499999999997,0.209029847779019
418.06,20.949499999999997,0.209029847779019
420.05,20.949499999999997,0.2100248455949025
420.05,20.949499999999997,0.2100248455949025
421.02,20.949499999999997,0.21050984452275118
421.02,20.949499999999997,0.21050984452275118
423.01,20.949499999999997,0.21150484230767075
423.01,20.949499999999997,0.21150484230767075
424.0,20.949499999999997,0.21199984119790238
424.0,20.949499999999997,0.21199984119790238
426.02,20.949499999999997,0.213009838917401
426.02,20.949499999999997,0.213009838917401
427.02,20.949499999999997,0.21350983778040522
427.02,20.949499999999997,0.21350983778040522
428.0,20.949499999999997,0.21399983666097072
428.0,20.949499999999997,0.21399983666097072
429.01,20.949499999999997,0.21450483550189128
429.01,20.949499999999997,0.21450483550189128
430.02,20.949499999999997,0.2150098343373414
430.02,20.949499999999997,0.2150098343373414
432.01,20.949499999999997,0.21600483202677492
432.01,20.949499999999997,0.21600483202677492
433.0,20.949499999999997,0.2164998308693376
433.0,20.949499999999997,0.2164998308693376
434.03,20.949499999999997,0.21701482965950425
434.03,20.949499999999997,0.21701482965950425
435.01,20.949499999999997,0.2175048285030575
435.01,20.949499999999997,0.2175048285030575
436.09,20.949499999999997,0.21804482722255664
436.09,20.949499999999997,0.21804482722255664
438.0,20.949499999999997,0.21899982494239198
438.0,20.949499999999997,0.21899982494239198
439.01,20.949499999999997,0.21950482372858254
439.01,20.949499999999997,0.21950482372858254
441.03,20.949499999999997,0.22051482128415703
441.03,20.949499999999997,0.22051482128415703
442.03,20.949499999999997,0.22101482006572742
442.03,20.949499999999997,0.22101482006572742
444.0,20.949499999999997,0.22199981764924495
444.0,20.949499999999997,0.22199981764924495
445.0,20.949499999999997,0.22249981641436836
445.0,20.949499999999997,0.22249981641436836
447.01,20.949499999999997,0.22350481391542693
447.01,20.949499999999997,0.22350481391542693
448.0,20.949499999999997,0.2239998126763137
448.0,20.949499999999997,0.2239998126763137
449.01,20.949499999999997,0.2245048114065118
449.01,20.949499999999997,0.2245048114065118
450.01,20.949499999999997,0.22500481014364154
450.01,20.949499999999997,0.22500481014364154
451.07,20.949499999999997,0.2255348087988573
451.07,20.949499999999997,0.2255348087988573
453.04,20.949499999999997,0.22651980628274918
453.04,20.949499999999997,0.22651980628274918
454.01,20.949499999999997,0.22700480503578435
454.01,20.949499999999997,0.22700480503578435
456.02,20.949499999999997,0.22800980243485824
456.02,20.949499999999997,0.22800980243485824
457.01,20.949499999999997,0.2285048011453465
457.01,20.949499999999997,0.2285048011453465
459.0,20.949499999999997,0.22949979853634683
459.0,20.949499999999997,0.22949979853634683
460.0,20.949499999999997,0.22999979721672034
460.0,20.949499999999997,0.22999979721672034
462.02,20.949499999999997,0.23100979453352322
462.02,20.949499999999997,0.23100979453352322
463.0,20.949499999999997,0.23149979322329087
463.0,20.949499999999997,0.23149979322329087
465.02,20.949499999999997,0.2325097905050586
465.02,20.949499999999997,0.2325097905050586
466.03,20.949499999999997,0.23301478913705453
466.03,20.949499999999997,0.23301478913705453
467.05,20.949499999999997,0.23352478774947485
467.05,20.949499999999997,0.23352478774947485
468.07,20.949499999999997,0.2340347863558212
468.07,20.949499999999997,0.2340347863558212
469.06,20.949499999999997,0.23452978499733612
469.06,20.949499999999997,0.23452978499733612
471.04,20.949499999999997,0.23551978226311424
471.04,20.949499999999997,0.23551978226311424
472.07,20.949499999999997,0.23603478083164528
472.07,20.949499999999997,0.23603478083164528
474.06,20.949499999999997,0.2370297780482482
474.06,20.949499999999997,0.2370297780482482
475.01,20.949499999999997,0.23750477671122153
475.01,20.949499999999997,0.23750477671122153
477.01,20.949499999999997,0.2385047738788997
477.01,20.949499999999997,0.2385047738788997
478.0,20.949499999999997,0.23899977246808168
478.0,20.949499999999997,0.23899977246808168
479.01,20.949499999999997,0.2395047710227274
479.01,20.949499999999997,0.2395047710227274
480.0,20.949499999999997,0.2399997696000664
480.0,20.949499999999997,0.2399997696000664
481.0,20.949499999999997,0.24049976815706497
481.0,20.949499999999997,0.24049976815706497
483.03,20.949499999999997,0.24151476520926785
483.03,20.949499999999997,0.24151476520926785
484.04,20.949499999999997,0.24201976373336703
484.04,20.949499999999997,0.24201976373336703
486.04,20.949499999999997,0.2430197607925668
486.04,20.949499999999997,0.2430197607925668
487.0,20.949499999999997,0.24349975937235677
487.0,20.949499999999997,0.24349975937235677
488.0,20.949499999999997,0.24399975788700545
488.0,20.949499999999997,0.24399975788700545
489.04,20.949499999999997,0.24451975633576895
489.04,20.949499999999997,0.24451975633576895
490.04,20.949499999999997,0.24501975483796043
490.04,20.949499999999997,0.24501975483796043
491.03,20.949499999999997,0.24551475334909598
491.03,20.949499999999997,0.24551475334909598
493.0,20.949499999999997,0.24649975036849878
493.0,20.949499999999997,0.24649975036849878
494.0,20.949499999999997,0.24699974884635997
494.0,20.949499999999997,0.24699974884635997
496.0,20.949499999999997,0.24799974578354483
496.0,20.949499999999997,0.24799974578354483
497.05,20.949499999999997,0.24852474416564552
497.05,20.949499999999997,0.24852474416564552
498.0,20.949499999999997,0.24899974269592975
498.0,20.949499999999997,0.24899974269592975
499.05,20.949499999999997,0.2495247410649704
499.05,20.949499999999997,0.2495247410649704
500.01,20.949499999999997,0.2500047395677894
500.01,20.949499999999997,0.2500047395677894
502.0,20.949499999999997,0.2509997364458997
502.0,20.949499999999997,0.2509997364458997
503.0,20.949499999999997,0.25149973486773597
503.0,20.949499999999997,0.25149973486773597
504.0,20.949499999999997,0.25199973328328473
504.0,20.949499999999997,0.25199973328328473
505.0,20.949499999999997,0.2524997316925335
505.0,20.949499999999997,0.2524997316925335
506.01,20.949499999999997,0.25300473007946717
506.01,20.949499999999997,0.25300473007946717
508.0,20.949499999999997,0.2539997268823548
508.0,20.949499999999997,0.2539997268823548
509.0,20.949499999999997,0.25449972526627856
509.0,20.949499999999997,0.25449972526627856
511.0,20.949499999999997,0.2554997220150262
511.0,20.949499999999997,0.2554997220150262
512.01,20.949499999999997,0.2560047203634407
512.01,20.949499999999997,0.2560047203634407
513.0,20.949499999999997,0.25649971873822375
513.0,20.949499999999997,0.25649971873822375
514.0,20.949499999999997,0.25699971709021013
514.0,20.949499999999997,0.25699971709021013
515.01,20.949499999999997,0.25750471541919456
515.01,20.949499999999997,0.25750471541919456
517.0,20.949499999999997,0.2584997121075691
517.0,20.949499999999997,0.2584997121075691
518.0,20.949499999999997,0.2589997104337805
518.0,20.949499999999997,0.2589997104337805
519.01,20.949499999999997,0.2595047087366814
519.01,20.949499999999997,0.2595047087366814
520.0,20.949499999999997,0.25999970706676573
520.0,20.949499999999997,0.25999970706676573
521.01,20.949499999999997,0.2605047053565492
521.01,20.949499999999997,0.2605047053565492
523.0,20.949499999999997,0.26149970196746236
523.0,20.949499999999997,0.26149970196746236
524.0,20.949499999999997,0.26199970025463626
524.0,20.949499999999997,0.26199970025463626
526.0,20.949499999999997,0.26299969680932156
526.0,20.949499999999997,0.26299969680932156
527.0,20.949499999999997,0.2634996950768079
527.0,20.949499999999997,0.2634996950768079
528.0,20.949499999999997,0.2639996933377069
528.0,20.949499999999997,0.2639996933377069
529.0,20.949499999999997,0.2644996915920058
529.0,20.949499999999997,0.2644996915920058
530.0,20.949499999999997,0.26499968983969224
530.0,20.949499999999997,0.26499968983969224
531.0,20.949499999999997,0.2654996880807537
531.0,20.949499999999997,0.2654996880807537
533.0,20.949499999999997,0.26649968454295164
533.0,20.949499999999997,0.26649968454295164
534.01,20.949499999999997,0.2670046827462405
534.01,20.949499999999997,0.2670046827462405
535.0,20.949499999999997,0.2674996809784996
535.0,20.949499999999997,0.2674996809784996
536.0,20.949499999999997,0.2679996791862485
536.0,20.949499999999997,0.2679996791862485
537.0,20.949499999999997,0.2684996773872976
537.0,20.949499999999997,0.2684996773872976
539.0,20.949499999999997,0.2694996737692456
539.0,20.949499999999997,0.2694996737692456
540.01,20.949499999999997,0.27000467193189426
540.01,20.949499999999997,0.27000467193189426
541.0,20.949499999999997,0.27049967012424364
541.0,20.949499999999997,0.27049967012424364
542.01,20.949499999999997,0.2710046682732446
542.01,20.949499999999997,0.2710046682732446
543.01,20.949499999999997,0.2715046664337633
543.01,20.949499999999997,0.2715046664337633
545.01,20.949499999999997,0.2725046627344254
545.01,20.949499999999997,0.2725046627344254
546.0,20.949499999999997,0.27299966089317634
546.0,20.949499999999997,0.27299966089317634
547.01,20.949499999999997,0.2735046590078371
547.01,20.949499999999997,0.2735046590078371
548.0,20.949499999999997,0.27399965715306207
548.0,20.949499999999997,0.27399965715306207
549.0,20.949499999999997,0.2744996552727361
549.0,20.949499999999997,0.2744996552727361
551.0,20.949499999999997,0.27549965149148437
551.0,20.949499999999997,0.27549965149148437
552.01,20.949499999999997,0.2760046495714891
552.01,20.949499999999997,0.2760046495714891
553.0,20.949499999999997,0.2764996476826826
553.0,20.949499999999997,0.2764996476826826
554.0,20.949499999999997,0.27699964576791924
554.0,20.949499999999997,0.27699964576791924
555.01,20.949499999999997,0.277504643826979
555.01,20.949499999999997,0.277504643826979
557.0,20.949499999999997,0.2784996399820292
557.0,20.949499999999997,0.2784996399820292
558.01,20.949499999999997,0.27900463802003034
558.01,20.949499999999997,0.27900463802003034
559.0,20.949499999999997,0.2794996360899776
559.0,20.949499999999997,0.2794996360899776
560.01,20.949499999999997,0.28000463411387644
560.01,20.949499999999997,0.28000463411387644
561.01,20.949499999999997,0.2805046321503056
561.01,20.949499999999997,0.2805046321503056
563.0,20.949499999999997,0.2814996282219244
563.0,20.949499999999997,0.2814996282219244
564.0,20.949499999999997,0.28199962623734864
564.0,20.949499999999997,0.28199962623734864
565.0,20.949499999999997,0.2824996242457229
565.0,20.949499999999997,0.2824996242457229
566.0,20.949499999999997,0.2829996222470346
566.0,20.949499999999997,0.2829996222470346
567.0,20.949499999999997,0.2834996202412714
567.0,20.949499999999997,0.2834996202412714
569.0,20.949499999999997,0.2844996162084699
569.0,20.949499999999997,0.2844996162084699
570.0,20.949499999999997,0.2849996141814067
570.0,20.949499999999997,0.2849996141814067
572.0,20.949499999999997,0.2859996101058928
572.0,20.949499999999997,0.2859996101058928
573.0,20.949499999999997,0.28649960805741714
573.0,20.949499999999997,0.28649960805741714
574.01,20.949499999999997,0.2870046059811864
574.01,20.949499999999997,0.2870046059811864
575.0,20.949499999999997,0.2874996039389658
575.0,20.949499999999997,0.2874996039389658
576.0,20.949499999999997,0.28799960186896517
576.0,20.949499999999997,0.28799960186896517
578.0,20.949499999999997,0.28899959770735134
578.0,20.949499999999997,0.28899959770735134
579.0,20.949499999999997,0.28949959561571326
579.0,20.949499999999997,0.28949959561571326
580.01,20.949499999999997,0.29000459349581226
580.01,20.949499999999997,0.29000459349581226
581.0,20.949499999999997,0.29049959141071197
581.0,20.949499999999997,0.29049959141071197
582.01,20.949499999999997,0.29100458927615336
582.01,20.949499999999997,0.29100458927615336
584.0,20.949499999999997,0.29199958504871026
584.0,20.949499999999997,0.29199958504871026
585.0,20.949499999999997,0.2924995829134597
585.0,20.949499999999997,0.2924995829134597
587.0,20.949499999999997,0.2934995786210086
587.0,20.949499999999997,0.2934995786210086
588.0,20.949499999999997,0.2939995764637831
588.0,20.949499999999997,0.2939995764637831
589.0,20.949499999999997,0.29449957429920753
589.0,20.949499999999997,0.29449957429920753
590.0,20.949499999999997,0.29499957212726957
590.0,20.949499999999997,0.29499957212726957
591.01,20.949499999999997,0.2955045699261261
591.01,20.949499999999997,0.2955045699261261
592.0,20.949499999999997,0.2959995677612561
592.0,20.949499999999997,0.2959995677612561
594.03,20.949499999999997,0.29701456329948256
594.03,20.949499999999997,0.29701456329948256
595.0,20.949499999999997,0.2974995611567046
595.0,20.949499999999997,0.2974995611567046
596.0,20.949499999999997,0.2979995589403292
596.0,20.949499999999997,0.2979995589403292
597.0,20.949499999999997,0.29849955671650374
597.0,20.949499999999997,0.29849955671650374
598.01,20.949499999999997,0.2990045544628652
598.01,20.949499999999997,0.2990045544628652
600.0,20.949499999999997,0.2999995500002025
600.0,20.949499999999997,0.2999995500002025
601.0,20.949499999999997,0.30049954774645216
601.0,20.949499999999997,0.30049954774645216
602.0,20.949499999999997,0.30099954548518926
602.0,20.949499999999997,0.30099954548518926
603.0,20.949499999999997,0.30149954321640143
603.0,20.949499999999997,0.30149954321640143
604.01,20.949499999999997,0.3020045409172747
604.01,20.949499999999997,0.3020045409172747
606.0,20.949499999999997,0.30299953636476284
606.0,20.949499999999997,0.30299953636476284
607.01,20.949499999999997,0.3035045340427216
607.01,20.949499999999997,0.3035045340427216
609.0,20.949499999999997,0.3044995294449494
609.0,20.949499999999997,0.3044995294449494
610.0,20.949499999999997,0.3049995271231366
610.0,20.949499999999997,0.3049995271231366
611.0,20.949499999999997,0.30549952479369885
611.0,20.949499999999997,0.30549952479369885
612.01,20.949499999999997,0.30600452243321424
612.01,20.949499999999997,0.30600452243321424
613.0,20.949499999999997,0.30649952011189835
613.0,20.949499999999997,0.30649952011189835
615.0,20.949499999999997,0.30749951539944786
615.0,20.949499999999997,0.30749951539944786
616.0,20.949499999999997,0.30799951303169765
616.0,20.949499999999997,0.30799951303169765
618.0,20.949499999999997,0.30899950827308476
618.0,20.949499999999997,0.30899950827308476
619.01,20.949499999999997,0.3095045058582492
619.01,20.949499999999997,0.3095045058582492
620.01,20.949499999999997,0.31000450345954655
620.01,20.949499999999997,0.31000450345954655
621.0,20.949499999999997,0.31049950107719676
621.0,20.949499999999997,0.31049950107719676
622.01,20.949499999999997,0.3110044986388785
622.01,20.949499999999997,0.3110044986388785
624.0,20.949499999999997,0.3119994938114464
624.0,20.949499999999997,0.3119994938114464
625.0,20.949499999999997,0.3124994913739463
625.0,20.949499999999997,0.3124994913739463
626.01,20.949499999999997,0.31300448890414106
626.01,20.949499999999997,0.31300448890414106
627.0,20.949499999999997,0.31349948647549614
627.0,20.949499999999997,0.31349948647549614
628.01,20.949499999999997,0.3140044839898717
628.01,20.949499999999997,0.3140044839898717
630.0,20.949499999999997,0.3149994790690085
630.0,20.949499999999997,0.3149994790690085
631.0,20.949499999999997,0.31549947658444594
631.0,20.949499999999997,0.31549947658444594
632.0,20.949499999999997,0.3159994740919959
632.0,20.949499999999997,0.3159994740919959
633.0,20.949499999999997,0.31649947159164593
633.0,20.949499999999997,0.31649947159164593
634.0,20.949499999999997,0.31699946908338344
634.0,20.949499999999997,0.31699946908338344
636.0,20.949499999999997,0.317999464043071
636.0,20.949499999999997,0.317999464043071
637.0,20.949499999999997,0.31849946151099606
637.0,20.949499999999997,0.31849946151099606
639.0,20.949499999999997,0.31949945642294625
639.0,20.949499999999997,0.31949945642294625
640.0,20.949499999999997,0.3199994538669463
640.0,20.949499999999997,0.3199994538669463
641.0,20.949499999999997,0.32049945130294644
641.0,20.949499999999997,0.32049945130294644
642.0,20.949499999999997,0.32099944873093406
642.0,20.949499999999997,0.32099944873093406
643.01,20.949499999999997,0.3215044461250557
643.01,20.949499999999997,0.3215044461250557
645.0,20.949499999999997,0.322499440966697
645.0,20.949499999999997,0.322499440966697
646.0,20.949499999999997,0.32299943836250966
646.0,20.949499999999997,0.32299943836250966
647.01,20.949499999999997,0.32350443572408394
647.01,20.949499999999997,0.32350443572408394
648.01,20.949499999999997,0.3240044331036532
648.01,20.949499999999997,0.3240044331036532
649.0,20.949499999999997,0.3244994305014478
649.0,20.949499999999997,0.3244994305014478
651.0,20.949499999999997,0.32549942522019826
651.0,20.949499999999997,0.32549942522019826
652.0,20.949499999999997,0.3259994225673735
652.0,20.949499999999997,0.3259994225673735
653.01,20.949499999999997,0.3265044198797478
653.01,20.949499999999997,0.3265044198797478
654.0,20.949499999999997,0.3269994172372616
654.0,20.949499999999997,0.3269994172372616
655.0,20.949499999999997,0.3274994145599494
655.0,20.949499999999997,0.3274994145599494
657.0,20.949499999999997,0.32849940918075005
657.0,20.949499999999997,0.32849940918075005
658.0,20.949499999999997,0.3289994064788379
658.0,20.949499999999997,0.3289994064788379
659.0,20.949499999999997,0.32949940376870074
659.0,20.949499999999997,0.32949940376870074
660.01,20.949499999999997,0.33000440102310075
660.01,20.949499999999997,0.33000440102310075
661.0,20.949499999999997,0.3304993983237015
661.0,20.949499999999997,0.3304993983237015
663.0,20.949499999999997,0.3314993928456524
663.0,21.2718,0.3314993928456524
664.0,20.949499999999997,0.3319993900942028
664.0,20.949499999999997,0.3319993900942028
666.0,20.949499999999997,0.3329993845663912
666.0,20.949499999999997,0.3329993845663912
667.0,20.949499999999997,0.33349938179000427
667.0,20.949499999999997,0.33349938179000427
668.0,20.949499999999997,0.33399937900527976
668.0,20.949499999999997,0.33399937900527976
669.0,20.949499999999997,0.33449937621220527
669.0,20.949499999999997,0.33449937621220527
670.0,20.949499999999997,0.33499937341076824
670.0,20.949499999999997,0.33499937341076824
672.0,20.949499999999997,0.33599936778275685
672.0,20.949499999999997,0.33599936778275685
673.0,20.949499999999997,0.3364993649561575
673.0,20.949499999999997,0.3364993649561575
675.0,20.949499999999997,0.3374993592777087
675.0,20.949499999999997,0.3374993592777087
676.0,20.949499999999997,0.33799935642583434
676.0,20.949499999999997,0.33799935642583434
677.0,20.949499999999997,0.33849935356551
677.0,20.949499999999997,0.33849935356551
678.0,20.949499999999997,0.3389993506967231
678.0,20.949499999999997,0.3389993506967231
679.01,20.949499999999997,0.3395043477906458
679.01,20.949499999999997,0.3395043477906458
680.01,20.949499999999997,0.34000434490481163
680.01,20.949499999999997,0.34000434490481163
682.0,20.949499999999997,0.34099933913670094
682.0,20.949499999999997,0.34099933913670094
683.0,20.949499999999997,0.3414993362254142
683.0,20.949499999999997,0.3414993362254142
685.01,20.949499999999997,0.34250433034788874
685.01,20.949499999999997,0.34250433034788874
686.01,20.949499999999997,0.3430043274108663
686.01,20.949499999999997,0.3430043274108663
688.0,20.949499999999997,0.34399932154066815
688.0,20.949499999999997,0.34399932154066815
689.0,20.949499999999997,0.34449931857796895
689.0,20.949499999999997,0.34449931857796895
691.0,20.949499999999997,0.34549931262672073
691.0,20.949499999999997,0.34549931262672073
692.0,20.949499999999997,0.34599930963814657
692.0,20.949499999999997,0.34599930963814657
693.0,20.949499999999997,0.3464993066409225
693.0,20.949499999999997,0.3464993066409225
695.0,20.949499999999997,0.34749930062047435
695.0,20.949499999999997,0.34749930062047435
696.01,20.949499999999997,0.34800429756694895
696.01,20.949499999999997,0.34800429756694895
697.0,20.949499999999997,0.34849929456527634
697.0,20.949499999999997,0.34849929456527634
698.01,20.949499999999997,0.3490042914941642
698.01,20.949499999999997,0.3490042914941642
699.0,20.949499999999997,0.3494992884752283
699.0,20.949499999999997,0.3494992884752283
700.0,20.949499999999997,0.3499992854171044
700.0,20.949499999999997,0.3499992854171044
702.0,20.949499999999997,0.35099927927459396
702.0,20.949499999999997,0.35099927927459396
703.0,20.949499999999997,0.3514992761901826
703.0,20.949499999999997,0.3514992761901826
705.0,20.949499999999997,0.3524992699949848
705.0,20.949499999999997,0.3524992699949848
706.0,20.949499999999997,0.3529992668841735
706.0,20.949499999999997,0.3529992668841735
707.0,20.949499999999997,0.3534992637645371
707.0,20.949499999999997,0.3534992637645371
709.04,20.949499999999997,0.3545192573730623
709.04,20.949499999999997,0.3545192573730623
710.0,20.949499999999997,0.3549992543525532
710.0,20.949499999999997,0.3549992543525532
711.0,20.949499999999997,0.355499251197492
711.0,20.949499999999997,0.355499251197492
713.0,20.949499999999997,0.3564992448606945
713.0,20.949499999999997,0.3564992448606945
714.0,20.949499999999997,0.35699924167893327
714.0,20.949499999999997,0.35699924167893327
715.0,20.949499999999997,0.3574992384882471
715.0,20.949499999999997,0.3574992384882471
716.0,20.949499999999997,0.3579992352886234
716.0,20.949499999999997,0.3579992352886234
717.01,20.949499999999997,0.35850423204791876
717.01,20.949499999999997,0.35850423204791876
718.0,20.949499999999997,0.3589992288625136
718.0,20.949499999999997,0.3589992288625136
720.0,20.949499999999997,0.3599992224005039
720.0,20.949499999999997,0.3599992224005039
721.0,20.949499999999997,0.36049921915600536
721.0,20.949499999999997,0.36049921915600536
723.0,20.949499999999997,0.3614992126399582
723.0,20.949499999999997,0.3614992126399582
724.0,20.949499999999997,0.36199920936838476
724.0,20.949499999999997,0.36199920936838476
725.0,20.949499999999997,0.36249920608776126
725.0,20.949499999999997,0.36249920608776126
726.0,20.949499999999997,0.36299920279807524
726.0,20.949499999999997,0.36299920279807524
727.01,20.949499999999997,0.3635041994662808
727.01,20.949499999999997,0.3635041994662808
729.0,20.949499999999997,0.36449919287451743
729.0,20.949499999999997,0.36449919287451743
730.0,20.949499999999997,0.36499918954845656
730.0,20.949499999999997,0.36499918954845656
732.01,20.949499999999997,0.36600418283545794
732.01,20.949499999999997,0.36600418283545794
733.01,20.949499999999997,0.366504179481893
733.01,20.949499999999997,0.366504179481893
734.0,20.949499999999997,0.36699917615283817
734.0,20.949499999999997,0.36699917615283817
735.0,20.949499999999997,0.3674991727810274
735.0,20.949499999999997,0.3674991727810274
736.0,20.949499999999997,0.3679991694000291
736.0,20.949499999999997,0.3679991694000291
738.0,20.949499999999997,0.3689991626104201
738.0,20.949499999999997,0.3689991626104201
739.0,20.949499999999997,0.36949915920178444
739.0,20.949499999999997,0.36949915920178444
740.01,20.949499999999997,0.3700041557496858
740.01,20.949499999999997,0.3700041557496858
741.0,20.949499999999997,0.3704991523567881
741.0,20.949499999999997,0.3704991523567881
742.01,20.949499999999997,0.3710041488859917
742.01,20.949499999999997,0.3710041488859917
744.0,20.949499999999997,0.37199914201979367
744.0,20.949499999999997,0.37199914201979367
745.01,20.949499999999997,0.37250413852085607
745.01,20.949499999999997,0.37250413852085607
747.0,20.949499999999997,0.37349913159909953
747.0,20.949499999999997,0.37349913159909953
748.0,20.949499999999997,0.37399912810687647
748.0,20.949499999999997,0.37399912810687647
749.01,20.949499999999997,0.37450412457024046
749.01,20.949499999999997,0.37450412457024046
750.03,20.949499999999997,0.37501412098889514
750.03,20.949499999999997,0.37501412098889514
751.01,20.949499999999997,0.3755041175388071
751.01,20.949499999999997,0.3755041175388071
753.0,20.949499999999997,0.3764991105052617
753.0,20.949499999999997,0.3764991105052617
754.0,20.949499999999997,0.3769991069567514
754.0,20.949499999999997,0.3769991069567514
756.0,20.949499999999997,0.37799909983144314
756.0,20.949499999999997,0.37799909983144314
757.0,20.949499999999997,0.3784990962546203
757.0,20.949499999999997,0.3784990962546203
758.0,20.949499999999997,0.37899909266833504
758.0,20.949499999999997,0.37899909266833504
759.0,20.949499999999997,0.37949908907257474
759.0,20.949499999999997,0.37949908907257474
760.01,20.949499999999997,0.38000408543122655
760.01,20.949499999999997,0.38000408543122655
762.0,20.949499999999997,0.3809990782283191
762.0,20.949499999999997,0.3809990782283191
763.01,20.949499999999997,0.3815040745581479
763.01,21.2718,0.3815040745581479
764.0,20.949499999999997,0.3819990709512112
764.0,20.949499999999997,0.3819990709512112
765.01,20.949499999999997,0.3825040672617616
765.01,20.949499999999997,0.3825040672617616
766.01,20.949499999999997,0.3830040635992308
766.01,20.949499999999997,0.3830040635992308
768.0,20.949499999999997,0.38399905628229586
768.0,20.949499999999997,0.38399905628229586
769.0,20.949499999999997,0.3844990525910983
769.0,20.949499999999997,0.3844990525910983
770.0,20.949499999999997,0.38499904889028824
770.0,20.949499999999997,0.38499904889028824
771.0,20.949499999999997,0.3854990451798533
771.0,20.949499999999997,0.3854990451798533
772.01,20.949499999999997,0.38600404142253136
772.01,20.949499999999997,0.38600404142253136
774.01,20.949499999999997,0.38700403395323074
774.01,20.949499999999997,0.38700403395323074
775.0,20.949499999999997,0.38749903024161353
775.0,21.2718,0.38749903024161353
776.01,20.949499999999997,0.38800402644522974
776.01,20.949499999999997,0.38800402644522974
777.01,20.949499999999997,0.38850402267668527
777.01,20.949499999999997,0.38850402267668527
778.01,20.949499999999997,0.3890040188984283
778.01,21.2718,0.3890040188984283
780.0,20.949499999999997,0.3899990113507519
780.0,20.949499999999997,0.3899990113507519
781.0,20.949499999999997,0.39049900754337963
781.0,21.2718,0.39049900754337963
783.0,20.949499999999997,0.39149899989933523
783.0,20.949499999999997,0.39149899989933523
784.0,20.949499999999997,0.3919989960626381
784.0,20.949499999999997,0.3919989960626381
785.0,20.949499999999997,0.39249899221614093
785.0,20.949499999999997,0.39249899221614093
786.0,20.949499999999997,0.39299898835983127
786.0,20.949499999999997,0.39299898835983127
788.0,20.949499999999997,0.39399898061772454
788.0,20.949499999999997,0.39399898061772454
789.0,20.949499999999997,0.39449897673190254
789.0,20.949499999999997,0.39449897673190254
790.0,20.949499999999997,0.39499897283621804
790.0,20.949499999999997,0.39499897283621804
791.0,20.949499999999997,0.3954989689306585
791.0,20.949499999999997,0.3954989689306585
792.01,20.949499999999997,0.39600396497600715
792.01,20.949499999999997,0.39600396497600715
794.0,20.949499999999997,0.3969989571546052
794.0,20.949499999999997,0.3969989571546052
795.0,20.949499999999997,0.3974989532094208
795.0,20.949499999999997,0.3974989532094208
796.01,20.949499999999997,0.39800394921469745
796.01,20.949499999999997,0.39800394921469745
797.0,20.949499999999997,0.3984989452892271
797.0,20.949499999999997,0.3984989452892271
798.27,20.949499999999997,0.3991339402392238
798.27,20.949499999999997,0.3991339402392238
800.0,20.949499999999997,0.3999989333341867
800.0,20.949499999999997,0.3999989333341867
801.01,20.949499999999997,0.4005039292890895
801.01,20.949499999999997,0.4005039292890895
803.0,20.949499999999997,0.4014989212891466
803.0,20.949499999999997,0.4014989212891466
804.0,20.949499999999997,0.4019989172540749
804.0,20.949499999999997,0.4019989172540749
805.0,20.949499999999997,0.40249891320895326
805.0,20.949499999999997,0.40249891320895326
806.0,20.949499999999997,0.4029989091537692
806.0,21.2718,0.4029989091537692
807.03,20.949499999999997,0.40351390496639655
807.03,20.949499999999997,0.40351390496639655
808.0,20.949499999999997,0.4039989010131636
808.0,21.2718,0.4039989010131636
810.0,20.949499999999997,0.4049988928321581
810.0,20.949499999999997,0.4049988928321581
811.0,20.949499999999997,0.40549888872647405
811.0,20.949499999999997,0.40549888872647405
812.0,20.949499999999997,0.40599888461065264
812.0,20.949499999999997,0.40599888461065264
813.0,20.949499999999997,0.4064988804846812
813.0,20.949499999999997,0.4064988804846812
814.01,20.949499999999997,0.40700387630713464
814.01,20.949499999999997,0.40700387630713464
816.0,20.949499999999997,0.4079988680457422
816.0,20.949499999999997,0.4079988680457422
817.0,20.949499999999997,0.4084988638790458
817.0,20.949499999999997,0.4084988638790458
818.01,20.949499999999997,0.40900385966031644
818.01,20.949499999999997,0.40900385966031644
819.0,20.949499999999997,0.4094988555150034
819.0,20.949499999999997,0.4094988555150034
821.03,20.949499999999997,0.4105138469836238
821.03,20.949499999999997,0.4105138469836238
822.01,20.949499999999997,0.4110038428498966
822.01,20.949499999999997,0.4110038428498966
823.0,20.949499999999997,0.41149883866396875
823.0,21.2718,0.41149883866396875
824.01,20.949499999999997,0.4120038343830862
824.01,21.2718,0.4120038343830862
825.02,20.949499999999997,0.4125088300916965
825.02,20.949499999999997,0.4125088300916965
827.04,21.2718,0.41351882147734426
827.04,20.949499999999997,0.41351882147734426
828.01,20.949499999999997,0.414003817325764
828.01,20.949499999999997,0.414003817325764
829.0,20.949499999999997,0.4144988130785425
829.0,20.949499999999997,0.4144988130785425
830.06,20.949499999999997,0.4150288085197533
830.06,20.949499999999997,0.4150288085197533
831.02,20.949499999999997,0.4155088043809787
831.02,20.949499999999997,0.4155088043809787
833.05,20.949499999999997,0.41652379559765595
833.05,20.949499999999997,0.41652379559765595
834.0,20.949499999999997,0.41699879147250074
834.0,20.949499999999997,0.41699879147250074
836.03,20.949499999999997,0.4180137826261493
836.03,20.949499999999997,0.4180137826261493
837.02,20.949499999999997,0.418508778296303
837.02,20.949499999999997,0.418508778296303
839.0,20.949499999999997,0.4194987696058347
839.0,20.949499999999997,0.4194987696058347
840.01,20.949499999999997,0.4200037651569887
840.01,20.949499999999997,0.4200037651569887
841.0,20.949499999999997,0.4204987607858436
841.0,20.949499999999997,0.4204987607858436
842.03,20.949499999999997,0.4210137562271502
842.03,20.949499999999997,0.4210137562271502
843.04,20.949499999999997,0.42151875174613207
843.04,20.949499999999997,0.42151875174613207
845.03,20.949499999999997,0.4225137428857273
845.03,20.949499999999997,0.4225137428857273
846.0,20.949499999999997,0.4229987385516785
846.0,20.949499999999997,0.4229987385516785
848.01,20.949499999999997,0.4240037295391309
848.01,20.949499999999997,0.4240037295391309
849.01,20.949499999999997,0.4245037250393295
849.01,20.949499999999997,0.4245037250393295
850.01,20.949499999999997,0.42500372052891544
850.01,21.2718,0.42500372052891544
851.03,20.949499999999997,0.4255137159173471
851.03,20.949499999999997,0.4255137159173471
852.09,20.949499999999997,0.4260437111132057
852.09,20.949499999999997,0.4260437111132057
854.01,20.949499999999997,0.4270037023808836
854.01,20.949499999999997,0.4270037023808836
855.04,20.949499999999997,0.4275186976801441
855.04,20.949499999999997,0.4275186976801441
857.05,20.949499999999997,0.4285236884741901
857.05,20.949499999999997,0.4285236884741901
858.03,20.949499999999997,0.42901368397002554
858.03,20.949499999999997,0.42901368397002554
860.01,20.949499999999997,0.430003674838333
860.01,20.949499999999997,0.430003674838333
861.05,20.949499999999997,0.4305236700250126
861.05,20.949499999999997,0.4305236700250126
862.07,20.949499999999997,0.4310336652929485
862.07,20.949499999999997,0.4310336652929485
863.01,20.949499999999997,0.43150366092210013
863.01,20.949499999999997,0.43150366092210013
864.01,20.949499999999997,0.43200365626179743
864.01,20.949499999999997,0.43200365626179743
866.02,20.949499999999997,0.4330086468619052
866.02,20.949499999999997,0.4330086468619052
867.04,20.949499999999997,0.43351864207508883
867.04,20.949499999999997,0.43351864207508883
869.04,20.949499999999997,0.43451863265643154
869.04,20.949499999999997,0.43451863265643154
870.01,20.949499999999997,0.43500362807274123
870.01,20.949499999999997,0.43500362807274123
871.05,20.949499999999997,0.4355236231469023
871.05,20.949499999999997,0.4355236231469023
872.0,20.949499999999997,0.4359986186370463
872.0,20.949499999999997,0.4359986186370463
873.07,20.949499999999997,0.43653361354574416
873.07,20.949499999999997,0.43653361354574416
875.02,20.949499999999997,0.4375086042350577
875.02,20.949499999999997,0.4375086042350577
876.0,20.949499999999997,0.43799859954014336
876.0,20.949499999999997,0.43799859954014336
878.04,20.949499999999997,0.43901858973331265
878.04,21.2718,0.43901858973331265
879.03,20.949499999999997,0.4395135849576604
879.03,20.949499999999997,0.4395135849576604
880.0,20.949499999999997,0.43999858026804106
880.0,20.949499999999997,0.43999858026804106
881.07,20.949499999999997,0.4405335750829499
881.07,20.949499999999997,0.4405335750829499
882.01,20.949499999999997,0.4410035705174193
882.01,20.949499999999997,0.4410035705174193
884.02,20.949499999999997,0.44200856072225514
884.02,20.949499999999997,0.44200856072225514
885.02,20.949499999999997,0.4425085558324149
885.02,20.949499999999997,0.4425085558324149
887.03,20.949499999999997,0.4435135459703581
887.03,20.949499999999997,0.4435135459703581
888.02,20.949499999999997,0.44400854109646787
888.02,20.949499999999997,0.44400854109646787
889.04,20.949499999999997,0.4445185360635051
889.04,21.2718,0.4445185360635051
890.03,20.949499999999997,0.44501353116751396
890.03,20.949499999999997,0.44501353116751396
891.07,20.949499999999997,0.4455335260125065
891.07,21.2718,0.4455335260125065
892.07,20.949499999999997,0.44603352104440763
892.07,20.949499999999997,0.44603352104440763
894.01,20.949499999999997,0.4470035113744845
894.01,20.949499999999997,0.4470035113744845
895.05,20.949499999999997,0.44752350617329706
895.05,20.949499999999997,0.44752350617329706
897.03,20.949499999999997,0.4485134962375746
897.03,21.2718,0.4485134962375746
898.03,20.949499999999997,0.4490134912028318
898.03,20.949499999999997,0.4490134912028318
900.0,20.949499999999997,0.4499984812515378
900.0,21.2718,0.4499984812515378
901.05,20.949499999999997,0.45052347592971786
901.05,21.2718,0.45052347592971786
902.0,20.949499999999997,0.4509984711040383
902.0,21.2718,0.4509984711040383
903.0,20.949499999999997,0.4514984660133824
903.0,20.949499999999997,0.4514984660133824
904.0,20.949499999999997,0.45199846091143897
904.0,20.949499999999997,0.45199846091143897
906.04,20.949499999999997,0.45301845046842193
906.04,20.949499999999997,0.45301845046842193
907.0,20.949499999999997,0.45349844553775887
907.0,20.949499999999997,0.45349844553775887
909.01,20.949499999999997,0.4545034351803294
909.01,20.949499999999997,0.4545034351803294
910.04,21.2718,0.455018429855008
910.04,21.2718,0.455018429855008
911.0,20.949499999999997,0.45549842488073605
911.0,20.949499999999997,0.45549842488073605
912.03,20.949499999999997,0.45601341953208624
912.03,20.949499999999997,0.45601341953208624
913.06,20.949499999999997,0.45652841417134166
913.06,20.949499999999997,0.45652841417134166
914.04,20.949499999999997,0.4570184090595866
914.04,20.949499999999997,0.4570184090595866
916.01,20.949499999999997,0.45800339875070456
916.01,20.949499999999997,0.45800339875070456
917.06,20.949499999999997,0.45852839323797473
917.06,20.949499999999997,0.45852839323797473
918.05,20.949499999999997,0.4590233880286827
918.05,20.949499999999997,0.4590233880286827
919.0,20.949499999999997,0.4594983830192924
919.0,20.949499999999997,0.4594983830192924
920.03,20.949499999999997,0.46001337757634475
920.03,20.949499999999997,0.46001337757634475
922.0,20.949499999999997,0.4609983671320518
922.0,20.949499999999997,0.4609983671320518
923.05,21.2718,0.4615233615470299
923.05,20.949499999999997,0.4615233615470299
924.04,21.2718,0.4620183562695012
924.04,20.949499999999997,0.4620183562695012
925.14,20.949499999999997,0.4625683503923026
925.14,21.2718,0.4625683503923026
926.01,21.2718,0.4630033457340637
926.01,20.949499999999997,0.4630033457340637
928.01,20.949499999999997,0.46400333499223456
928.01,20.949499999999997,0.46400333499223456
929.05,20.949499999999997,0.4645233293881522
929.05,20.949499999999997,0.4645233293881522
931.0,21.2718,0.46549831884663184
931.0,20.949499999999997,0.46549831884663184
932.0,20.949499999999997,0.46599831342356457
932.0,20.949499999999997,0.46599831342356457
933.05,21.2718,0.46652330771680545
933.05,20.949499999999997,0.46652330771680545
934.0,20.949499999999997,0.4669983025424677
934.0,20.949499999999997,0.4669983025424677
935.01,20.949499999999997,0.46750329702977345
935.01,21.2718,0.46750329702977345
937.01,20.949499999999997,0.46850328607835534
937.01,20.949499999999997,0.46850328607835534
938.0,20.949499999999997,0.46899828064007437
938.0,21.2718,0.46899828064007437
939.05,21.2718,0.46952327485964285
939.05,20.949499999999997,0.46952327485964285
940.0,20.949499999999997,0.46999826961857794
940.0,21.2718,0.46999826961857794
941.05,21.2718,0.470523263813484
941.05,21.2718,0.470523263813484
943.03,20.949499999999997,0.4715132528314382
943.03,20.949499999999997,0.4715132528314382
944.02,20.949499999999997,0.47200824732309143
944.02,21.2718,0.47200824732309143
946.0,20.949499999999997,0.4729982362716897
946.0,20.949499999999997,0.4729982362716897
947.01,20.949499999999997,0.4735032306165095
947.01,20.949499999999997,0.4735032306165095
948.06,21.2718,0.47402822472455924
948.06,20.949499999999997,0.47402822472455924
950.04,21.2718,0.47501821357846435
950.04,20.949499999999997,0.47501821357846435
951.01,20.949499999999997,0.4755032081010189
951.01,21.2718,0.4755032081010189
953.04,21.2718,0.47651819660170025
953.04,20.949499999999997,0.47651819660170025
954.05,21.2718,0.4770231908620822
954.05,20.949499999999997,0.4770231908620822
956.01,20.949499999999997,0.47800317968909134
956.01,20.949499999999997,0.47800317968909134
957.0,20.949499999999997,0.4784981740281467
957.0,20.949499999999997,0.4784981740281467
960.0,20.949499999999997,0.47999815680212343
960.0,20.949499999999997,0.47999815680212343
961.0,20.949499999999997,0.4804981510361324
961.0,20.949499999999997,0.4804981510361324
962.02,20.949499999999997,0.4810081451424463
962.02,21.2718,0.4810081451424463
963.02,21.2718,0.48150813935217723
963.02,21.2718,0.48150813935217723
964.02,20.949499999999997,0.4820081335498705
964.02,20.949499999999997,0.4820081335498705
965.02,20.949499999999997,0.48250812773551355
965.02,20.949499999999997,0.48250812773551355
966.04,21.2718,0.4830181217924424
966.04,20.949499999999997,0.4830181217924424
967.0,20.949499999999997,0.4834981161874874
967.0,20.949499999999997,0.4834981161874874
968.04,20.949499999999997,0.4840181101028814
968.04,20.949499999999997,0.4840181101028814
969.0,20.949499999999997,0.4844981044747061
969.0,21.2718,0.4844981044747061
970.04,20.949499999999997,0.4850180983649187
970.04,20.949499999999997,0.4850180983649187
971.06,20.949499999999997,0.4855280923598884
971.06,20.949499999999997,0.4855280923598884
973.0,20.949499999999997,0.48649808090369406
973.0,21.2718,0.48649808090369406
974.02,20.949499999999997,0.48700807486197945
974.02,20.949499999999997,0.48700807486197945
976.02,20.949499999999997,0.48800806297869875
976.02,20.949499999999997,0.48800806297869875
977.0,20.949499999999997,0.48849805713808275
977.0,21.2718,0.48849805713808275
978.04,20.949499999999997,0.48901805092704975
978.04,21.2718,0.48901805092704975
979.0,20.949499999999997,0.48949804518205237
979.0,20.949499999999997,0.48949804518205237
980.0,20.949499999999997,0.48999803918568735
980.0,20.949499999999997,0.48999803918568735
982.05,20.949499999999997,0.49102302685482885
982.05,20.949499999999997,0.49102302685482885
983.02,20.949499999999997,0.491508021002254
983.02,21.2718,0.491508021002254
985.02,21.2718,0.4925080088985822
985.02,20.949499999999997,0.4925080088985822
986.01,20.949499999999997,0.4930030028890475
986.01,21.2718,0.4930030028890475
987.05,21.2718,0.4935229965629904
987.05,21.2718,0.4935229965629904
988.0,21.2718,0.4939979907727184
988.0,21.2718,0.4939979907727184
989.04,20.949499999999997,0.49451798442111405
989.04,20.949499999999997,0.49451798442111405
991.03,20.949499999999997,0.4955129722302791
991.03,20.949499999999997,0.4955129722302791
992.01,20.949499999999997,0.4960029662087305
992.01,21.2718,0.4960029662087305
993.0,20.949499999999997,0.4964979601136456
993.0,21.2718,0.4964979601136456
995.05,20.949499999999997,0.4975229474538191
995.05,20.949499999999997,0.4975229474538191
996.0,20.949499999999997,0.49799794156935256
996.0,20.949499999999997,0.49799794156935256
997.01,20.949499999999997,0.4985029353009122
997.01,20.949499999999997,0.4985029353009122
998.07,20.949499999999997,0.4990329287084803
998.07,21.2718,0.4990329287084803
999.07,20.949499999999997,0.4995329224763549
999.07,20.949499999999997,0.4995329224763549
