Time,T1,Q1
0.0,20.949499999999997,0.0
0.0,20.949499999999997,0.0
1.0,20.949499999999997,0.0049999999979166675
1.0,20.949499999999997,0.0049999999979166675
2.0,20.949499999999997,0.009999999983333334
2.0,20.6272,0.009999999983333334
3.01,20.949499999999997,0.015049999943185625
3.01,20.949499999999997,0.015049999943185625
5.05,20.949499999999997,0.025249999731692452
5.05,20.6272,0.025249999731692452
6.04,20.949499999999997,0.030199999540939867
6.04,20.949499999999997,0.030199999540939867
8.04,20.949499999999997,0.040199998917253205
8.04,20.949499999999997,0.040199998917253205
9.03,20.6272,0.04514999846601183
9.03,20.949499999999997,0.04514999846601183
11.0,20.949499999999997,0.054999997227083375
11.0,20.949499999999997,0.054999997227083375
12.0,20.949499999999997,0.059999996400000075
12.0,20.6272,0.059999996400000075
14.04,20.949499999999997,0.07019999423419335
14.04,20.949499999999997,0.07019999423419335
15.0,20.6272,0.0749999929687502
15.0,20.949499999999997,0.0749999929687502
16.0,20.949499999999997,0.07999999146666695
16.0,20.949499999999997,0.07999999146666695
17.0,20.949499999999997,0.0849999897645837
17.0,20.949499999999997,0.0849999897645837
18.03,20.949499999999997,0.09014998778914919
18.03,20.949499999999997,0.09014998778914919
19.08,20.949499999999997,0.09539998552915625
19.08,20.949499999999997,0.09539998552915625
21.04,20.949499999999997,0.10519998059579094
21.04,20.949499999999997,0.10519998059579094
22.01,20.949499999999997,0.11004997778640427
22.01,20.949499999999997,0.11004997778640427
24.0,20.949499999999997,0.11999997120000208
24.0,20.949499999999997,0.11999997120000208
25.0,20.949499999999997,0.1249999674479192
25.0,20.949499999999997,0.1249999674479192
26.0,20.949499999999997,0.12999996338333644
26.0,20.949499999999997,0.12999996338333644
27.05,20.949499999999997,0.13524995876551915
27.05,20.949499999999997,0.13524995876551915
28.0,20.949499999999997,0.13999995426667117
28.0,20.949499999999997,0.13999995426667117
29.0,20.949499999999997,0.1449999491895887
29.0,20.949499999999997,0.1449999491895887
31.02,20.6272,0.15509993781522163
31.02,20.6272,0.15509993781522163
32.0,20.949499999999997,0.15999993173334207
32.0,20.949499999999997,0.15999993173334207
33.01,20.949499999999997,0.1650499250631771
33.01,20.949499999999997,0.1650499250631771
34.01,20.949499999999997,0.17004991804440725
34.01,20.949499999999997,0.17004991804440725
35.01,20.949499999999997,0.17504991060051264
35.01,20.949499999999997,0.17504991060051264
37.0,20.6272,0.18499989447293474
37.0,20.949499999999997,0.18499989447293474
38.01,20.6272,0.19004988559308023
38.01,20.949499999999997,0.19004988559308023
39.0,20.949499999999997,0.1949998764187735
39.0,20.949499999999997,0.1949998764187735
40.01,20.6272,0.2000498665666684
40.01,20.949499999999997,0.2000498665666684
41.01,20.949499999999997,0.2050498563095254
41.01,20.6272,0.2050498563095254
43.0,20.949499999999997,0.21499983436045494
43.0,20.949499999999997,0.21499983436045494
44.0,20.949499999999997,0.21999982253337627
44.0,20.949499999999997,0.21999982253337627
45.0,20.949499999999997,0.22499981015629808
45.0,20.949499999999997,0.22499981015629808
46.01,20.949499999999997,0.2300497970844416
46.01,20.6272,0.2300497970844416
47.01,20.949499999999997,0.23504978356405126
47.01,20.949499999999997,0.23504978356405126
49.0,20.949499999999997,0.2449997548979902
49.0,20.6272,0.2449997548979902
50.01,20.949499999999997,0.25004973942713354
50.01,20.949499999999997,0.25004973942713354
51.01,20.949499999999997,0.25504972348124555
51.01,20.949499999999997,0.25504972348124555
52.0,20.949499999999997,0.25999970706676573
52.0,20.949499999999997,0.25999970706676573
53.0,20.949499999999997,0.26499968983969224
53.0,20.949499999999997,0.26499968983969224
55.0,20.949499999999997,0.2749996533855477
55.0,20.949499999999997,0.2749996533855477
56.0,20.6272,0.2799996341334768
56.0,20.949499999999997,0.2799996341334768
57.01,20.949499999999997,0.2850496139783087
57.01,20.949499999999997,0.2850496139783087
58.0,20.949499999999997,0.28999959351683763
58.0,20.949499999999997,0.28999959351683763
59.01,20.6272,0.2950495719096703
59.01,20.949499999999997,0.2950495719096703
61.0,20.949499999999997,0.3049995271231366
61.0,20.6272,0.3049995271231366
62.0,20.949499999999997,0.3099995034835719
62.0,20.949499999999997,0.3099995034835719
63.0,20.949499999999997,0.31499947906900844
63.0,20.949499999999997,0.31499947906900844
64.01,20.949499999999997,0.32004945361090653
64.01,20.949499999999997,0.32004945361090653
65.0,20.949499999999997,0.3249994278648855
65.0,20.949499999999997,0.3249994278648855
67.02,20.949499999999997,0.3350993728494762
67.02,20.949499999999997,0.3350993728494762
68.0,20.949499999999997,0.339999344933712
68.0,20.949499999999997,0.339999344933712
69.01,20.949499999999997,0.34504931530905203
69.01,20.949499999999997,0.34504931530905203
70.0,20.949499999999997,0.3499992854171044
70.0,20.949499999999997,0.3499992854171044
71.01,20.949499999999997,0.3550492540374467
71.01,20.6272,0.3550492540374467
73.0,20.949499999999997,0.36499918954845656
73.0,20.949499999999997,0.36499918954845656
74.0,20.949499999999997,0.36999915578391124
74.0,20.949499999999997,0.36999915578391124
75.01,20.949499999999997,0.3750491207427591
75.01,20.949499999999997,0.3750491207427591
76.0,20.949499999999997,0.37999908546732697
76.0,20.949499999999997,0.37999908546732697
77.0,20.949499999999997,0.38499904889028824
77.0,20.949499999999997,0.38499904889028824
79.0,20.949499999999997,0.39499897283621804
79.0,20.949499999999997,0.39499897283621804
80.0,20.949499999999997,0.3999989333341867
80.0,20.949499999999997,0.3999989333341867
82.0,20.949499999999997,0.40999885131763214
82.0,20.949499999999997,0.40999885131763214
83.0,20.949499999999997,0.4149988087781092
83.0,20.949499999999997,0.4149988087781092
84.0,20.949499999999997,0.4199987652010892
84.0,20.949499999999997,0.4199987652010892
85.0,20.949499999999997,0.4249987205740722
85.0,20.949499999999997,0.4249987205740722
86.01,20.949499999999997,0.4300486744222554
86.01,20.949499999999997,0.4300486744222554
88.0,20.949499999999997,0.43999858026804106
88.0,20.949499999999997,0.43999858026804106
89.0,20.949499999999997,0.4449985313160375
89.0,20.949499999999997,0.4449985313160375
90.0,20.949499999999997,0.4499984812515378
90.0,20.949499999999997,0.4499984812515378
91.0,20.949499999999997,0.45499843006204177
91.0,20.949499999999997,0.45499843006204177
92.03,20.949499999999997,0.46014837614753495
92.03,20.949499999999997,0.46014837614753495
94.0,20.949499999999997,0.46999826961857794
94.0,20.949499999999997,0.46999826961857794
95.0,20.949499999999997,0.4749982138040984
95.0,20.949499999999997,0.4749982138040984
96.0,20.949499999999997,0.47999815680212343
96.0,20.949499999999997,0.47999815680212343
97.0,20.949499999999997,0.48499809860015297
97.0,20.949499999999997,0.48499809860015297
98.0,20.949499999999997,0.48999803918568724
98.0,20.949499999999997,0.48999803918568724
100.0,20.949499999999997,0.4999979166692708
100.0,20.6272,0.4999979166692708
101.0,20.949499999999997,0.5049978535423204
101.0,20.949499999999997,0.5049978535423204
102.01,20.949499999999997,0.5100477885025629
102.01,20.949499999999997,0.5100477885025629
103.0,20.949499999999997,0.5149977234884356
103.0,20.949499999999997,0.5149977234884356
104.01,20.949499999999997,0.5200476558604382
104.01,20.949499999999997,0.5200476558604382
106.01,20.949499999999997,0.530047518017837
106.01,20.949499999999997,0.530047518017837
107.0,20.949499999999997,0.5349974478307359
107.0,20.949499999999997,0.5349974478307359
108.0,20.949499999999997,0.5399973756038264
108.0,20.949499999999997,0.5399973756038264
109.01,20.949499999999997,0.5450473012842947
109.01,20.949499999999997,0.5450473012842947
110.0,20.949499999999997,0.5499972270875274
110.0,20.949499999999997,0.5499972270875274
112.01,20.949499999999997,0.5600470722871882
112.01,20.949499999999997,0.5600470722871882
113.0,20.949499999999997,0.5649969939693813
113.0,20.949499999999997,0.5649969939693813
115.01,20.949499999999997,0.5750468306890225
115.01,20.949499999999997,0.5750468306890225
116.0,20.949499999999997,0.579996748138803
116.0,20.949499999999997,0.579996748138803
117.01,20.949499999999997,0.5850466624563263
117.01,20.949499999999997,0.5850466624563263
118.0,20.949499999999997,0.5899965770226243
118.0,20.949499999999997,0.5899965770226243
119.01,20.949499999999997,0.5950464883731637
119.01,20.949499999999997,0.5950464883731637
121.01,20.949499999999997,0.6050463083395359
121.01,20.949499999999997,0.6050463083395359
122.01,20.949499999999997,0.6100462160600484
122.01,20.949499999999997,0.6100462160600484
123.0,20.949499999999997,0.6149961232010814
123.0,20.949499999999997,0.6149961232010814
124.0,20.949499999999997,0.6199960278743011
124.0,20.949499999999997,0.6199960278743011
125.01,20.949499999999997,0.6250459300208933
125.01,20.949499999999997,0.6250459300208933
127.0,20.949499999999997,0.6349957325440205
127.0,20.949499999999997,0.6349957325440205
128.0,20.949499999999997,0.6399956309422812
128.0,20.949499999999997,0.6399956309422812
129.0,20.949499999999997,0.6449955277405528
129.0,20.949499999999997,0.6449955277405528
130.0,20.949499999999997,0.6499954229263358
130.0,20.949499999999997,0.6499954229263358
131.01,20.949499999999997,0.6550453154144895
131.01,20.949499999999997,0.6550453154144895
133.0,20.949499999999997,0.6649950986837542
133.0,20.949499999999997,0.6649950986837542
134.0,20.949499999999997,0.6699949872945844
134.0,20.949499999999997,0.6699949872945844
136.0,20.949499999999997,0.6799947594787829
136.0,20.949499999999997,0.6799947594787829
137.0,20.949499999999997,0.6849946430271514
137.0,20.949499999999997,0.6849946430271514
138.01,20.949499999999997,0.690044523672702
138.01,20.949499999999997,0.690044523672702
139.0,20.949499999999997,0.6949944049739294
139.0,20.949499999999997,0.6949944049739294
140.01,20.949499999999997,0.7000442821222567
140.01,20.949499999999997,0.7000442821222567
142.0,20.949499999999997,0.7099940348317019
142.0,20.949499999999997,0.7099940348317019
143.0,20.949499999999997,0.7149939079176555
143.0,20.949499999999997,0.7149939079176555
144.01,20.949499999999997,0.7200437779200399
144.01,20.949499999999997,0.7200437779200399
145.0,20.949499999999997,0.7249936487146087
145.0,20.949499999999997,0.7249936487146087
146.0,20.949499999999997,0.7299935164006089
146.0,20.949499999999997,0.7299935164006089
148.0,20.949499999999997,0.7399932462851584
148.0,20.949499999999997,0.7399932462851584
149.0,20.949499999999997,0.7449931084587083
149.0,20.949499999999997,0.7449931084587083
151.0,20.949499999999997,0.75499282720586
151.0,20.949499999999997,0.75499282720586
152.0,20.949499999999997,0.7599926837544626
152.0,20.949499999999997,0.7599926837544626
154.0,20.949499999999997,0.7699923911392231
154.0,20.949499999999997,0.7699923911392231
155.01,20.949499999999997,0.7750422404487298
155.01,20.949499999999997,0.7750422404487298
157.0,20.949499999999997,0.7849919377477576
157.0,20.949499999999997,0.7849919377477576
158.01,20.949499999999997,0.7900417811486347
158.01,20.949499999999997,0.7900417811486347
159.01,20.949499999999997,0.7950416241150603
159.01,20.949499999999997,0.7950416241150603
160.0,20.949499999999997,0.7999914666939733
160.0,20.949499999999997,0.7999914666939733
161.0,20.949499999999997,0.804991305692754
161.0,20.949499999999997,0.804991305692754
163.0,20.949499999999997,0.8149909776403811
163.0,20.949499999999997,0.8149909776403811
164.0,20.949499999999997,0.8199908105642284
164.0,20.949499999999997,0.8199908105642284
166.0,20.949499999999997,0.829990470249492
166.0,20.949499999999997,0.829990470249492
167.01,20.949499999999997,0.8350402952427526
167.01,20.949499999999997,0.8350402952427526
169.0,20.949499999999997,0.8449899441838173
169.0,20.949499999999997,0.8449899441838173
170.0,20.949499999999997,0.8499897646203087
170.0,20.949499999999997,0.8499897646203087
171.0,20.949499999999997,0.8549895829318258
171.0,20.949499999999997,0.8549895829318258
172.0,20.949499999999997,0.8599893991058689
172.0,20.949499999999997,0.8599893991058689
173.0,20.949499999999997,0.8649892131299384
173.0,20.949499999999997,0.8649892131299384
174.01,20.949499999999997,0.8700390230991882
174.01,20.949499999999997,0.8700390230991882
175.01,20.949499999999997,0.8750388327639993
175.01,20.949499999999997,0.8750388327639993
177.0,20.949499999999997,0.8849884474764912
177.0,20.949499999999997,0.8849884474764912
178.0,20.949499999999997,0.8899882505632004
178.0,20.949499999999997,0.8899882505632004
180.0,20.949499999999997,0.8999878500492076
180.0,20.949499999999997,0.8999878500492076
181.0,20.949499999999997,0.9049876464235064
181.0,20.949499999999997,0.9049876464235064
183.0,20.949499999999997,0.9149872323721971
183.0,20.949499999999997,0.9149872323721971
184.01,20.949499999999997,0.92003701980549
184.01,20.949499999999997,0.92003701980549
185.0,20.949499999999997,0.9249868091710156
185.0,20.949499999999997,0.9249868091710156
186.0,20.949499999999997,0.9299865941079739
186.0,20.949499999999997,0.9299865941079739
187.01,20.949499999999997,0.9350363745343024
187.01,21.2718,0.9350363745343024
189.0,21.2718,0.9449859349190525
189.0,20.949499999999997,0.9449859349190525
190.0,20.949499999999997,0.9499857104811483
190.0,20.949499999999997,0.9499857104811483
191.0,20.949499999999997,0.95498548366828
191.0,20.949499999999997,0.95498548366828
192.01,20.949499999999997,0.9600352521638452
192.01,20.949499999999997,0.9600352521638452
193.01,20.949499999999997,0.9650350205394872
193.01,20.949499999999997,0.9650350205394872
195.0,20.949499999999997,0.9749845524171744
195.0,20.949499999999997,0.9749845524171744
196.0,20.949499999999997,0.9799843135419931
196.0,21.2718,0.9799843135419931
197.01,20.949499999999997,0.9850340697911852
197.01,20.949499999999997,0.9850340697911852
198.0,20.949499999999997,0.989983828429249
198.0,21.2718,0.989983828429249
199.01,20.949499999999997,0.9950335796915207
199.01,20.949499999999997,0.9950335796915207
201.01,20.949499999999997,1.0050330796415206
201.01,20.949499999999997,1.0050330796415206
202.0,20.949499999999997,1.009982828404251
202.0,21.2718,1.009982828404251
204.0,20.949499999999997,1.0199823132920065
204.0,20.949499999999997,1.0199823132920065
205.0,20.949499999999997,1.0249820519172006
205.0,20.949499999999997,1.0249820519172006
206.01,20.949499999999997,1.030031785327584
206.01,20.949499999999997,1.030031785327584
207.0,20.949499999999997,1.0349815214677236
207.0,20.949499999999997,1.0349815214677236
208.0,20.949499999999997,1.0399812523680543
208.0,21.2718,1.0399812523680543
209.01,20.949499999999997,1.0450309779382634
209.01,21.2718,1.0450309779382634
211.0,20.949499999999997,1.0549804294193297
211.0,21.2718,1.0549804294193297
212.01,21.2718,1.0600301470357458
212.01,20.949499999999997,1.0600301470357458
214.0,21.2718,1.0699795827335459
214.0,21.2718,1.0699795827335459
215.01,20.949499999999997,1.0750292922825497
215.01,21.2718,1.0750292922825497
217.0,21.2718,1.084978711973221
217.0,21.2718,1.084978711973221
218.01,20.949499999999997,1.0900284133411948
218.01,20.949499999999997,1.0900284133411948
219.0,20.949499999999997,1.0949781179249363
219.0,21.2718,1.0949781179249363
220.0,21.2718,1.0999778168008756
220.0,21.2718,1.0999778168008756
221.01,21.2718,1.1050275098742006
221.01,21.2718,1.1050275098742006
223.0,21.2718,1.114976896879029
223.0,21.2718,1.114976896879029
224.01,20.949499999999997,1.1200265815440875
224.01,21.2718,1.1200265815440875
225.0,20.949499999999997,1.1249762696814192
225.0,20.949499999999997,1.1249762696814192
226.0,21.2718,1.1299759518702026
226.0,21.2718,1.1299759518702026
227.01,20.949499999999997,1.1350256280133764
227.01,21.2718,1.1350256280133764
229.0,21.2718,1.144974981436917
229.0,21.2718,1.144974981436917
230.01,21.2718,1.1500246489445887
230.01,21.2718,1.1500246489445887
232.0,21.2718,1.1599739852416948
232.0,21.2718,1.1599739852416948
233.01,21.2718,1.1650236440002464
233.01,21.2718,1.1650236440002464
235.0,21.2718,1.1749729629470576
235.0,21.2718,1.1749729629470576
236.01,21.2718,1.1800226128428721
236.01,21.2718,1.1800226128428721
237.0,21.2718,1.1849722667509694
237.0,21.2718,1.1849722667509694
238.0,21.2718,1.189971914215529
238.0,21.2718,1.189971914215529
239.01,21.2718,1.195021555134989
239.01,21.2718,1.195021555134989
241.0,21.2718,1.204970838709632
241.0,21.2718,1.204970838709632
242.01,21.2718,1.2100204705391213
242.01,21.2718,1.2100204705391213
243.0,21.2718,1.2149701066643974
243.0,21.2718,1.2149701066643974
244.01,21.2718,1.220019732370785
244.01,21.2718,1.220019732370785
245.01,21.2718,1.2250193587177929
245.01,21.2718,1.2250193587177929
247.0,21.2718,1.2349686060248322
247.0,21.2718,1.2349686060248322
248.0,21.2718,1.2399682231776348
248.0,21.2718,1.2399682231776348
249.0,21.2718,1.2449678372305166
249.0,21.2718,1.2449678372305166
250.0,21.2718,1.2499674481709788
250.0,21.2718,1.2499674481709788
251.01,21.2718,1.255017052048855
251.01,21.2718,1.255017052048855
253.0,21.2718,1.2649662621928581
253.0,21.2718,1.2649662621928581
254.0,21.2718,1.2699658605586521
254.0,21.2718,1.2699658605586521
256.0,21.2718,1.2799650477529967
256.0,21.2718,1.2799650477529967
257.0,21.2718,1.2849646365565495
257.0,21.2718,1.2849646365565495
258.01,21.2718,1.2900142179873375
258.01,21.2718,1.2900142179873375
259.0,21.2718,1.2949638045139218
259.0,21.2718,1.2949638045139218
260.01,21.2718,1.3000133794176398
260.01,21.2718,1.3000133794176398
262.0,21.2718,1.3099625321381612
262.0,21.2718,1.3099625321381612
263.0,21.2718,1.3149621014797603
263.0,21.2718,1.3149621014797603
264.01,21.2718,1.3200116631778522
264.01,21.2718,1.3200116631778522
265.0,21.2718,1.3249612302882436
265.0,21.2718,1.3249612302882436
266.0,21.2718,1.3299607897301302
266.0,21.2718,1.3299607897301302
268.0,21.2718,1.3399598986266985
268.0,21.2718,1.3399598986266985
269.0,21.2718,1.3449594480563825
269.0,21.2718,1.3449594480563825
271.0,21.2718,1.354958536816056
271.0,21.2718,1.354958536816056
272.0,21.2718,1.3599580761210472
272.0,21.2718,1.3599580761210472
273.01,21.2718,1.3650076073679827
273.01,21.2718,1.3650076073679827
274.0,21.2718,1.3699571445188459
274.0,21.2718,1.3699571445188459
275.0,21.2718,1.3749566735866554
275.0,21.2718,1.3749566735866554
276.01,21.2718,1.3800061944559763
276.01,21.2718,1.3800061944559763
278.0,21.2718,1.3899552401157385
278.0,21.2718,1.3899552401157385
279.0,21.2718,1.3949547553589883
279.0,21.2718,1.3949547553589883
281.0,21.2718,1.4049537753708286
281.0,21.2718,1.4049537753708286
282.0,21.2718,1.4099532801144217
282.0,21.2718,1.4099532801144217
283.0,21.2718,1.4149527813331313
283.0,21.2718,1.4149527813331313
285.0,21.2718,1.424951773145906
285.0,21.2718,1.424951773145906
286.0,21.2718,1.4299512637149734
286.0,21.2718,1.4299512637149734
287.01,21.2718,1.4350007455610094
287.01,21.2718,1.4350007455610094
288.0,21.2718,1.4399502341159756
288.0,21.2718,1.4399502341159756
289.0,21.2718,1.4449497139229126
289.0,21.2718,1.4449497139229126
290.0,21.2718,1.4499491901174753
290.0,21.2718,1.4499491901174753
292.0,21.2718,1.459948131619483
292.0,21.2718,1.459948131619483
293.0,21.2718,1.4649475969019308
293.0,21.2718,1.4649475969019308
295.0,21.2718,1.4749465164672206
295.0,21.2718,1.4749465164672206
296.01,21.2718,1.4799959652489802
296.01,21.2718,1.4799959652489802
297.01,21.2718,1.4849954157698984
297.01,21.2718,1.4849954157698984
298.02,21.2718,1.490044857027622
298.02,21.2718,1.490044857027622
299.01,21.2718,1.4949943056617703
299.01,21.2718,1.4949943056617703
301.0,21.2718,1.5049431862663432
301.0,21.2718,1.5049431862663432
302.0,21.2718,1.509942618137519
302.0,21.2718,1.509942618137519
304.0,21.2718,1.519941470542803
304.0,21.2718,1.519941470542803
305.0,21.594099999999997,1.5249408910519138
305.0,21.2718,1.5249408910519138
306.0,21.2718,1.5299403077486724
306.0,21.2718,1.5299403077486724
307.01,21.2718,1.5349897147299412
307.01,21.2718,1.5349897147299412
308.01,21.2718,1.5399891237260632
308.01,21.2718,1.5399891237260632
310.0,21.2718,1.5499379361622132
310.0,21.2718,1.5499379361622132
311.01,21.2718,1.5549873275645976
311.01,21.2718,1.5549873275645976
313.0,21.2718,1.5649361168302431
313.0,21.2718,1.5649361168302431
314.02,21.2718,1.5700354902532052
314.02,21.2718,1.5700354902532052
315.0,21.2718,1.5749348844013922
315.0,21.2718,1.5749348844013922
316.0,21.2718,1.5799342622872101
316.0,21.2718,1.5799342622872101
317.0,21.2718,1.5849336362231923
317.0,21.2718,1.5849336362231923
319.05,21.594099999999997,1.595182340391034
319.05,21.2718,1.595182340391034
320.0,21.2718,1.5999317342071415
320.0,21.2718,1.5999317342071415
322.0,21.2718,1.6099304462181245
322.0,21.2718,1.6099304462181245
323.0,21.594099999999997,1.6149297961926263
323.0,21.2718,1.6149297961926263
325.0,21.2718,1.6249284840171578
325.0,21.2718,1.6249284840171578
326.0,21.2718,1.6299278218421909
326.0,21.2718,1.6299278218421909
327.0,21.2718,1.634927155592404
327.0,21.2718,1.634927155592404
328.0,21.594099999999997,1.6399264852553002
328.0,21.2718,1.6399264852553002
329.01,21.594099999999997,1.6449758040532638
329.01,21.2718,1.6449758040532638
331.0,21.2718,1.6549244495950965
331.0,21.2718,1.6549244495950965
332.0,21.2718,1.659923762783737
332.0,21.594099999999997,1.659923762783737
333.0,21.2718,1.6649230718225687
333.0,21.594099999999997,1.6649230718225687
334.01,21.594099999999997,1.6699723697267959
334.01,21.594099999999997,1.6699723697267959
335.01,21.594099999999997,1.6749716703867028
335.01,21.2718,1.6749716703867028
337.03,21.594099999999997,1.6850702449342563
337.03,21.594099999999997,1.6850702449342563
338.0,21.2718,1.6899195543321464
338.0,21.2718,1.6899195543321464
339.0,21.594099999999997,1.694918838209658
339.0,21.594099999999997,1.694918838209658
340.0,21.2718,1.6999181178498728
340.0,21.594099999999997,1.6999181178498728
341.01,21.2718,1.7049673859726924
341.01,21.594099999999997,1.7049673859726924
343.0,21.594099999999997,1.7149159312217523
343.0,21.2718,1.7149159312217523
344.01,21.2718,1.7199651863917638
344.01,21.594099999999997,1.7199651863917638
345.01,21.2718,1.7249644446149595
345.01,21.2718,1.7249644446149595
346.0,21.2718,1.7299137060080232
346.0,21.2718,1.7299137060080232
347.0,21.2718,1.7349129556372092
347.0,21.594099999999997,1.7349129556372092
349.0,21.2718,1.7449114418712361
349.0,21.594099999999997,1.7449114418712361
350.0,21.2718,1.7499106784510807
350.0,21.594099999999997,1.7499106784510807
352.0,21.594099999999997,1.7599091384739414
352.0,21.594099999999997,1.7599091384739414
353.01,21.594099999999997,1.7649583541038807
353.01,21.594099999999997,1.7649583541038807
354.01,21.594099999999997,1.7699575730654442
354.01,21.594099999999997,1.7699575730654442
355.01,21.594099999999997,1.7749567876021135
355.01,21.594099999999997,1.7749567876021135
356.0,21.594099999999997,1.7799060056224045
356.0,21.2718,1.7799060056224045
358.0,21.594099999999997,1.7899044125480383
358.0,21.594099999999997,1.7899044125480383
359.0,21.594099999999997,1.7949036093049626
359.0,21.594099999999997,1.7949036093049626
360.0,21.594099999999997,1.799902801574628
360.0,21.594099999999997,1.799902801574628
361.0,21.594099999999997,1.8049019893445362
361.0,21.594099999999997,1.8049019893445362
362.0,21.594099999999997,1.8099011726021896
362.0,21.594099999999997,1.8099011726021896
364.0,21.594099999999997,1.8198995255307393
364.0,21.2718,1.8198995255307393
365.0,21.594099999999997,1.82489869517664
365.0,21.594099999999997,1.82489869517664
366.0,21.594099999999997,1.829897860260294
366.0,21.594099999999997,1.829897860260294
367.01,21.594099999999997,1.8349470123511475
367.01,21.594099999999997,1.8349470123511475
368.08,21.594099999999997,1.84029610896606
368.08,21.594099999999997,1.84029610896606
370.0,21.594099999999997,1.8498944747224844
370.0,21.594099999999997,1.8498944747224844
371.0,21.594099999999997,1.854893616807436
371.0,21.594099999999997,1.854893616807436
372.0,21.594099999999997,1.859892754255154
372.0,21.594099999999997,1.859892754255154
373.0,21.594099999999997,1.8648918870531395
373.0,21.594099999999997,1.8648918870531395
374.0,21.594099999999997,1.8698910151888959
374.0,21.594099999999997,1.8698910151888959
376.0,21.594099999999997,1.8798892574237276
376.0,21.594099999999997,1.8798892574237276
377.01,21.594099999999997,1.8849383626147724
377.01,21.594099999999997,1.8849383626147724
379.0,21.594099999999997,1.8948865854968073
379.0,21.594099999999997,1.8948865854968073
380.0,21.594099999999997,1.8998856853967314
380.0,21.594099999999997,1.8998856853967314
382.0,21.594099999999997,1.9098838709349395
382.0,21.594099999999997,1.9098838709349395
383.0,21.594099999999997,1.9148829565482275
383.0,21.594099999999997,1.9148829565482275
385.01,21.594099999999997,1.9249311041366668
385.01,21.594099999999997,1.9249311041366668
386.0,21.594099999999997,1.9298801846148568
386.0,21.594099999999997,1.9298801846148568
387.0,21.594099999999997,1.9348792510043296
387.0,21.594099999999997,1.9348792510043296
388.0,21.594099999999997,1.9398783125566037
388.0,21.594099999999997,1.9398783125566037
389.0,21.594099999999997,1.9448773692591823
389.0,21.594099999999997,1.9448773692591823
390.0,21.594099999999997,1.9498764210995674
390.0,21.594099999999997,1.9498764210995674
392.0,21.594099999999997,1.959874510143767
392.0,21.594099999999997,1.959874510143767
393.01,21.594099999999997,1.9649235376695884
393.01,21.594099999999997,1.9649235376695884
394.0,21.594099999999997,1.9698725795892214
394.0,21.594099999999997,1.9698725795892214
395.0,21.594099999999997,1.974871606931175
395.0,21.594099999999997,1.974871606931175
396.01,21.594099999999997,1.979920619535023
396.01,21.594099999999997,1.979920619535023
398.0,21.594099999999997,1.9898686592839725
398.0,21.594099999999997,1.9898686592839725
399.01,21.594099999999997,1.9949176568522426
399.01,21.594099999999997,1.9949176568522426
401.0,21.594099999999997,2.004865666864725
401.0,21.594099999999997,2.004865666864725
402.0,21.594099999999997,2.009864659383977
402.0,21.594099999999997,2.009864659383977
403.0,21.594099999999997,2.014863646878568
403.0,21.594099999999997,2.014863646878568
404.0,21.594099999999997,2.0198626293359996
404.0,21.594099999999997,2.0198626293359996
405.01,21.594099999999997,2.0249115964923092
405.01,21.594099999999997,2.0249115964923092
407.0,21.594099999999997,2.034859546360366
407.0,21.594099999999997,2.034859546360366
408.0,21.594099999999997,2.0398585085441865
408.0,21.594099999999997,2.0398585085441865
409.01,21.594099999999997,2.0449074551734068
409.01,21.594099999999997,2.0449074551734068
410.0,21.594099999999997,2.0498564176003917
410.0,21.594099999999997,2.0498564176003917
411.0,21.594099999999997,2.054855364447782
411.0,21.594099999999997,2.054855364447782
413.0,21.594099999999997,2.064853242718649
413.0,21.594099999999997,2.064853242718649
414.0,21.594099999999997,2.0698521741171314
414.0,21.594099999999997,2.0698521741171314
416.0,21.594099999999997,2.079850021377708
416.0,21.594099999999997,2.079850021377708
417.01,21.594099999999997,2.084898926346878
417.01,21.594099999999997,2.084898926346878
418.0,21.594099999999997,2.089847847839784
418.0,21.594099999999997,2.089847847839784
419.0,21.594099999999997,2.0948467532401414
419.0,21.594099999999997,2.0948467532401414
420.0,21.594099999999997,2.099845653403382
420.0,21.594099999999997,2.099845653403382
422.0,21.594099999999997,2.109843437968523
422.0,21.594099999999997,2.109843437968523
423.0,21.594099999999997,2.11484232234543
423.0,21.594099999999997,2.11484232234543
424.0,21.594099999999997,2.11984120143523
424.0,21.594099999999997,2.11984120143523
425.01,21.594099999999997,2.1248900639365247
425.01,21.594099999999997,2.1248900639365247
426.01,21.594099999999997,2.1298889323614376
426.01,21.594099999999997,2.1298889323614376
428.0,21.594099999999997,2.139836664673431
428.0,21.594099999999997,2.139836664673431
429.01,21.594099999999997,2.1448855056378546
429.01,21.594099999999997,2.1448855056378546
431.01,21.594099999999997,2.154883194365226
431.01,21.594099999999997,2.154883194365226
432.0,21.594099999999997,2.1598320423181647
432.0,21.594099999999997,2.1598320423181647
433.0,21.594099999999997,2.164830873261641
433.0,21.594099999999997,2.164830873261641
434.0,21.594099999999997,2.1698296987930394
434.0,21.594099999999997,2.1698296987930394
435.01,21.594099999999997,2.1748785070734957
435.01,21.9164,2.1748785070734957
437.0,21.594099999999997,2.184826142789803
437.0,21.594099999999997,2.184826142789803
438.0,21.594099999999997,2.189824946547922
438.0,21.594099999999997,2.189824946547922
440.0,21.594099999999997,2.1998225376279774
440.0,21.9164,2.1998225376279774
441.0,21.594099999999997,2.204821324924919
441.0,21.594099999999997,2.204821324924919
443.0,21.9164,2.2148188829701447
443.0,21.594099999999997,2.2148188829701447
444.0,21.594099999999997,2.2198176536934358
444.0,21.594099999999997,2.2198176536934358
445.0,21.594099999999997,2.2248164188671824
445.0,21.594099999999997,2.2248164188671824
446.01,21.594099999999997,2.2298651660468747
446.01,21.594099999999997,2.2298651660468747
447.01,21.9164,2.2348639200282334
447.01,21.594099999999997,2.2348639200282334
449.0,21.594099999999997,2.2448114238167896
449.0,21.9164,2.2448114238167896
450.0,21.594099999999997,2.249810161055362
450.0,21.594099999999997,2.249810161055362
452.0,21.594099999999997,2.2598076186464344
452.0,21.9164,2.2598076186464344
453.0,21.594099999999997,2.26480633897394
453.0,21.594099999999997,2.26480633897394
454.0,21.9164,2.26980505363943
454.0,21.594099999999997,2.26980505363943
455.0,21.9164,2.274803762630407
455.0,21.9164,2.274803762630407
456.01,21.9164,2.2798524529386537
456.01,21.9164,2.2798524529386537
457.01,21.594099999999997,2.2848511504860567
457.01,21.594099999999997,2.2848511504860567
459.0,21.9164,2.2947985415992553
459.0,21.9164,2.2947985415992553
460.0,21.594099999999997,2.299797222030218
460.0,21.594099999999997,2.299797222030218
461.0,21.9164,2.3047958967116884
461.0,21.9164,2.3047958967116884
462.01,21.9164,2.3098445522912225
462.01,21.9164,2.3098445522912225
463.01,21.9164,2.3148432153784086
463.01,21.9164,2.3148432153784086
465.0,21.9164,2.3247905376927034
465.0,21.9164,2.3247905376927034
466.01,21.594099999999997,2.329839169867331
466.01,21.9164,2.329839169867331
468.0,21.9164,2.339786457446452
468.0,21.594099999999997,2.339786457446452
469.0,21.9164,2.344785085682098
469.0,21.9164,2.344785085682098
471.0,21.9164,2.3547823245550052
471.0,21.9164,2.3547823245550052
472.01,21.9164,2.359830921243624
472.01,21.594099999999997,2.359830921243624
474.01,21.9164,2.369828124639067
474.01,21.9164,2.369828124639067
475.0,21.9164,2.3747767315573776
475.0,21.594099999999997,2.3747767315573776
477.0,21.9164,2.3847738994868988
477.0,21.9164,2.3847738994868988
478.0,21.9164,2.3897724745150053
478.0,21.9164,2.3897724745150053
480.0,21.9164,2.399769606635429
480.0,21.9164,2.399769606635429
481.0,21.594099999999997,2.4047681637027534
481.0,21.9164,2.4047681637027534
482.0,21.9164,2.4097667147581565
482.0,21.9164,2.4097667147581565
483.01,21.9164,2.4148152452089877
483.01,21.9164,2.4148152452089877
484.01,21.9164,2.4198137841426286
484.01,21.594099999999997,2.4198137841426286
486.0,21.9164,2.4297608586106394
486.0,21.9164,2.4297608586106394
487.0,21.9164,2.4347593794189955
487.0,21.9164,2.4347593794189955
489.0,21.9164,2.4447564027625157
489.0,21.9164,2.4447564027625157
490.0,21.9164,2.449754905272688
490.0,21.9164,2.449754905272688
491.0,21.9164,2.4547534016584724
491.0,21.9164,2.4547534016584724
492.0,21.9164,2.4597518919073735
492.0,21.9164,2.4597518919073735
493.01,21.594099999999997,2.4648003608167937
493.01,21.9164,2.4648003608167937
495.0,21.9164,2.4747473257078143
495.0,21.9164,2.4747473257078143
496.0,21.9164,2.4797457912842193
496.0,21.9164,2.4797457912842193
498.0,21.9164,2.48974270382644
498.0,21.9164,2.48974270382644
499.0,21.9164,2.494741150767263
499.0,21.9164,2.494741150767263
500.0,21.9164,2.4997395914712333
500.0,21.9164,2.4997395914712333
501.0,21.9164,2.5047380259258545
501.0,21.9164,2.5047380259258545
502.0,21.9164,2.509736454118631
502.0,21.9164,2.509736454118631
503.0,21.9164,2.5147348760370662
503.0,21.9164,2.5147348760370662
505.0,21.9164,2.5247317010009285
505.0,21.9164,2.5247317010009285
506.0,21.9164,2.529730104021364
506.0,21.9164,2.529730104021364
507.0,21.9164,2.5347285007174745
507.0,21.9164,2.5347285007174745
508.01,21.9164,2.5397768749483127
508.01,21.9164,2.5397768749483127
509.0,21.9164,2.5447252750867353
509.0,21.9164,2.5447252750867353
511.0,21.9164,2.554722024008743
511.0,21.9164,2.554722024008743
512.01,21.9164,2.559770372512362
512.01,21.9164,2.559770372512362
513.0,21.9164,2.564718747383531
513.0,21.9164,2.564718747383531
514.0,21.9164,2.5697170994594773
514.0,21.9164,2.5697170994594773
515.01,21.9164,2.5747654285351627
515.01,21.9164,2.5747654285351627
517.0,21.9164,2.584712117091577
517.0,21.9164,2.584712117091577
518.0,21.9164,2.5897104433953775
518.0,21.9164,2.5897104433953775
520.0,21.9164,2.5997070765676544
520.0,21.9164,2.5997070765676544
521.0,21.9164,2.604705383411139
521.0,21.9164,2.604705383411139
522.0,21.9164,2.60970368374286
522.0,21.9164,2.60970368374286
523.0,21.9164,2.614701977550322
523.0,21.9164,2.614701977550322
524.01,21.9164,2.6197502476606833
524.01,21.9164,2.6197502476606833
526.0,21.9164,2.629696819702196
526.0,21.9164,2.629696819702196
527.01,21.9164,2.6347450699302764
527.01,21.9164,2.6347450699302764
528.01,21.9164,2.639743330863076
528.01,21.9164,2.639743330863076
529.0,21.9164,2.6446916026858913
529.0,21.9164,2.6446916026858913
530.01,21.9164,2.649739832918105
530.01,21.9164,2.649739832918105
532.01,21.9164,2.6597363084757357
532.01,21.9164,2.6597363084757357
533.0,21.9164,2.6646845540416324
533.0,21.9164,2.6646845540416324
535.0,21.9164,2.6746809897992176
535.0,21.9164,2.6746809897992176
536.0,21.9164,2.679679197654204
536.0,21.9164,2.679679197654204
537.01,21.9164,2.684727380787677
537.01,21.9164,2.684727380787677
538.0,21.9164,2.6896755932540874
538.0,21.9164,2.6896755932540874
539.0,21.9164,2.694673780973994
539.0,21.9164,2.694673780973994
541.01,21.9164,2.7047201178994715
541.01,21.9164,2.7047201178994715
542.0,21.9164,2.7096683036636233
542.0,21.9164,2.7096683036636233
544.0,21.9164,2.7196646182733484
544.0,21.9164,2.7196646182733484
545.01,21.9164,2.7247127468224615
545.01,21.9164,2.7247127468224615
547.0,21.9164,2.734659039162986
547.0,21.9164,2.734659039162986
548.0,21.9164,2.7396571658028965
548.0,21.9164,2.7396571658028965
549.0,21.9164,2.7446552855936646
549.0,21.9164,2.7446552855936646
550.01,21.9164,2.7497033796173924
550.01,21.9164,2.7497033796173924
551.0,21.9164,2.7546515045777915
551.0,21.9164,2.7546515045777915
552.0,21.9164,2.7596496037461593
552.0,21.9164,2.7596496037461593
554.0,21.9164,2.7696457813730273
554.0,21.9164,2.7696457813730273
555.0,21.9164,2.774643859806537
555.0,21.9164,2.774643859806537
557.0,21.9164,2.784639995851233
557.0,21.9164,2.784639995851233
558.0,21.9164,2.7896380534374288
558.0,21.9164,2.7896380534374288
559.0,22.238699999999998,2.794636104049529
559.0,21.9164,2.794636104049529
560.0,21.9164,2.799634147675039
560.0,21.9164,2.799634147675039
561.01,21.9164,2.8046821646323403
561.01,22.238699999999998,2.8046821646323403
562.0,21.9164,2.809630213916308
562.0,21.9164,2.809630213916308
564.0,22.238699999999998,2.8196262520612754
564.0,21.9164,2.8196262520612754
565.0,21.9164,2.8246242605664076
565.0,22.238699999999998,2.8246242605664076
567.0,21.9164,2.834620256379496
567.0,21.9164,2.834620256379496
568.01,22.238699999999998,2.839668223499462
568.01,22.238699999999998,2.839668223499462
569.0,22.238699999999998,2.8446162238463817
569.0,22.238699999999998,2.8446162238463817
570.0,22.238699999999998,2.849614196918761
570.0,22.238699999999998,2.849614196918761
571.01,21.9164,2.8546621424905694
571.01,21.9164,2.8546621424905694
572.0,22.238699999999998,2.8596101216789185
572.0,22.238699999999998,2.8596101216789185
574.01,22.238699999999998,2.8696559972517797
574.01,21.9164,2.8696559972517797
575.0,22.238699999999998,2.874603955170228
575.0,22.238699999999998,2.874603955170228
577.0,22.238699999999998,2.8845998082527093
577.0,22.238699999999998,2.8845998082527093
578.0,21.9164,2.8895977239829485
578.0,22.238699999999998,2.8895977239829485
579.0,22.238699999999998,2.8945956324891933
579.0,22.238699999999998,2.8945956324891933
580.0,22.238699999999998,2.899593533758949
580.0,22.238699999999998,2.899593533758949
581.0,22.238699999999998,2.9045914277797205
581.0,22.238699999999998,2.9045914277797205
583.0,22.238699999999998,2.9145871940243335
583.0,21.9164,2.9145871940243335
584.0,22.238699999999998,2.9195850662231853
584.0,22.238699999999998,2.9195850662231853
586.0,22.238699999999998,2.9295807887115064
586.0,21.9164,2.9295807887115064
587.0,22.238699999999998,2.934578638975986
587.0,22.238699999999998,2.934578638975986
588.0,22.238699999999998,2.93957648190402
588.0,22.238699999999998,2.93957648190402
589.0,22.238699999999998,2.9445743174831116
589.0,22.238699999999998,2.9445743174831116
590.01,22.238699999999998,2.949622123945727
590.01,22.238699999999998,2.949622123945727
592.0,22.238699999999998,2.959567780001795
592.0,22.238699999999998,2.959567780001795
593.0,22.238699999999998,2.9645655860601767
593.0,22.238699999999998,2.9645655860601767
595.0,22.238699999999998,2.9745611759302037
595.0,22.238699999999998,2.9745611759302037
596.0,22.238699999999998,2.9795589597168592
596.0,21.9164,2.9795589597168592
597.0,22.238699999999998,2.984556736054618
597.0,22.238699999999998,2.984556736054618
599.0,22.238699999999998,2.994552266333466
599.0,22.238699999999998,2.994552266333466
600.0,22.238699999999998,2.999550020249566
600.0,22.238699999999998,2.999550020249566
601.0,22.238699999999998,3.0045477666667915
601.0,22.238699999999998,3.0045477666667915
602.0,22.238699999999998,3.009545505572647
602.0,22.238699999999998,3.009545505572647
603.0,22.238699999999998,3.0145432369546388
603.0,22.238699999999998,3.0145432369546388
604.0,22.238699999999998,3.0195409608002723
604.0,22.238699999999998,3.0195409608002723
606.0,22.238699999999998,3.0295363858324884
606.0,22.238699999999998,3.0295363858324884
607.0,22.238699999999998,3.0345340869940824
607.0,22.238699999999998,3.0345340869940824
609.0,22.238699999999998,3.04452946654577
609.0,22.238699999999998,3.04452946654577
610.0,22.238699999999998,3.049527144910875
610.0,22.238699999999998,3.049527144910875
611.0,22.238699999999998,3.0545248156521625
611.0,22.238699999999998,3.0545248156521625
612.01,22.238699999999998,3.059572455349582
612.01,22.238699999999998,3.059572455349582
614.0,22.238699999999998,3.0695177820081763
614.0,22.238699999999998,3.0695177820081763
615.01,22.238699999999998,3.0745653984916665
615.01,22.238699999999998,3.0745653984916665
616.01,22.238699999999998,3.0795630308495263
616.01,22.238699999999998,3.0795630308495263
617.0,22.238699999999998,3.08451067930004
617.0,22.238699999999998,3.08451067930004
618.0,22.238699999999998,3.0895082963247664
618.0,22.238699999999998,3.0895082963247664
620.0,22.238699999999998,3.099503507190413
620.0,22.238699999999998,3.099503507190413
621.0,22.238699999999998,3.104501101006346
621.0,22.238699999999998,3.104501101006346
622.0,22.238699999999998,3.1094986870610257
622.0,22.238699999999998,3.1094986870610257
623.0,22.238699999999998,3.114496265341958
623.0,22.238699999999998,3.114496265341958
624.0,22.238699999999998,3.1194938358366504
624.0,22.238699999999998,3.1194938358366504
626.0,22.238699999999998,3.1294889534173373
626.0,22.238699999999998,3.1294889534173373
627.0,22.238699999999998,3.1344865004783435
627.0,22.238699999999998,3.1344865004783435
629.0,22.238699999999998,3.144481571079214
629.0,22.238699999999998,3.144481571079214
630.0,22.238699999999998,3.149479094594091
630.0,22.238699999999998,3.149479094594091
631.0,22.238699999999998,3.1544766102352697
631.0,22.238699999999998,3.1544766102352697
632.0,22.238699999999998,3.1594741179902575
632.0,22.238699999999998,3.1594741179902575
633.0,22.238699999999998,3.1644716178465595
633.0,22.238699999999998,3.1644716178465595
635.0,22.238699999999998,3.1744665938131322
635.0,22.238699999999998,3.1744665938131322
636.0,22.238699999999998,3.1794640698984153
636.0,22.238699999999998,3.1794640698984153
638.0,22.238699999999998,3.189458998210509
638.0,22.238699999999998,3.189458998210509
639.0,22.238699999999998,3.1944564504123307
639.0,22.238699999999998,3.1944564504123307
641.0,22.238699999999998,3.204451330845058
641.0,22.238699999999998,3.204451330845058
642.01,22.238699999999998,3.2094987332925364
642.01,22.238699999999998,3.2094987332925364
643.12,22.238699999999998,3.2150458691153667
643.12,22.238699999999998,3.2150458691153667
645.01,22.238699999999998,3.2244909694773125
645.01,22.238699999999998,3.2244909694773125
646.0,22.238699999999998,3.2294383915134937
646.0,22.238699999999998,3.2294383915134937
648.0,22.238699999999998,3.2394331593531502
648.0,22.238699999999998,3.2394331593531502
649.0,22.238699999999998,3.244430531131351
649.0,22.238699999999998,3.244430531131351
651.0,22.238699999999998,3.25442525034203
651.0,22.238699999999998,3.25442525034203
652.0,22.238699999999998,3.259422597749522
652.0,22.238699999999998,3.259422597749522
654.0,22.238699999999998,3.2694172681063423
654.0,22.238699999999998,3.2694172681063423
655.0,22.238699999999998,3.274414591030684
655.0,22.238699999999998,3.274414591030684
656.01,22.238699999999998,3.279461878874991
656.01,22.238699999999998,3.279461878874991
657.01,22.238699999999998,3.284459185332718
657.01,22.238699999999998,3.284459185332718
658.0,22.238699999999998,3.289406510637518
658.0,22.238699999999998,3.289406510637518
659.01,22.238699999999998,3.2944537736022363
659.01,22.561,3.2944537736022363
661.09,22.238699999999998,3.304848110453556
661.09,22.238699999999998,3.304848110453556
662.01,22.238699999999998,3.3094455942042718
662.01,22.238699999999998,3.3094455942042718
663.0,22.238699999999998,3.3143928786786745
663.0,22.238699999999998,3.3143928786786745
664.0,22.238699999999998,3.3193901274789313
664.0,22.238699999999998,3.3193901274789313
665.01,22.238699999999998,3.3244373403437817
665.01,22.238699999999998,3.3244373403437817
667.0,22.238699999999998,3.334381824038879
667.0,22.238699999999998,3.334381824038879
668.0,22.238699999999998,3.339379039570276
668.0,22.238699999999998,3.339379039570276
670.0,22.238699999999998,3.3493734455752358
670.0,22.561,3.3493734455752358
671.02,22.561,3.3544705797472876
671.02,22.561,3.3544705797472876
673.0,22.561,3.3643649917506893
673.0,22.238699999999998,3.3643649917506893
674.0,22.238699999999998,3.3693621570040064
674.0,22.238699999999998,3.3693621570040064
675.0,22.561,3.374359313833918
675.0,22.561,3.374359313833918
676.0,22.238699999999998,3.3793564622279315
676.0,22.238699999999998,3.3793564622279315
677.0,22.238699999999998,3.3843536021735536
677.0,22.238699999999998,3.3843536021735536
679.0,22.238699999999998,3.3943478566696528
679.0,22.561,3.3943478566696528
680.0,22.561,3.399344971195145
680.0,22.561,3.399344971195145
681.0,22.238699999999998,3.404342077222274
681.0,22.561,3.404342077222274
682.0,22.561,3.409339174738548
682.0,22.561,3.409339174738548
683.01,22.238699999999998,3.4143862345783185
683.01,22.238699999999998,3.4143862345783185
684.01,22.561,3.4193833149499824
684.01,22.238699999999998,3.4193833149499824
686.0,22.238699999999998,3.4293274794452384
686.0,22.561,3.4293274794452384
687.01,22.561,3.434374504724254
687.01,22.561,3.434374504724254
689.0,22.561,3.4443186179991336
689.0,22.561,3.4443186179991336
690.0,22.561,3.449315646978829
690.0,22.238699999999998,3.449315646978829
691.0,22.561,3.4543126673352353
691.0,22.561,3.4543126673352353
692.01,22.561,3.4593596491294134
692.01,22.238699999999998,3.4593596491294134
693.0,22.561,3.4643066821282105
693.0,22.561,3.4643066821282105
695.0,22.238699999999998,3.4743006622781194
695.0,22.238699999999998,3.4743006622781194
696.0,22.561,3.4792976393306927
696.0,22.238699999999998,3.4792976393306927
697.01,22.561,3.4843445773245962
697.01,22.561,3.4843445773245962
698.0,22.561,3.489291567328614
698.0,22.561,3.489291567328614
699.01,22.561,3.494338487714086
699.01,22.561,3.494338487714086
701.01,22.561,3.504332363160191
701.01,22.561,3.504332363160191
702.0,22.561,3.50927931854577
702.0,22.561,3.50927931854577
703.0,22.561,3.514276234448295
703.0,22.561,3.514276234448295
704.0,22.561,3.519273141565129
704.0,22.561,3.519273141565129
705.01,22.561,3.524320008822493
705.01,22.238699999999998,3.524320008822493
707.0,22.561,3.5342638100765633
707.0,22.561,3.5342638100765633
708.01,22.561,3.5393106505995413
708.01,22.561,3.5393106505995413
710.0,22.561,3.549254399067063
710.0,22.561,3.549254399067063
711.01,22.561,3.554301212742101
711.01,22.561,3.554301212742101
713.0,22.561,3.5642449081993384
713.0,22.238699999999998,3.5642449081993384
714.0,22.561,3.569241726772195
714.0,22.561,3.569241726772195
716.01,22.561,3.579285305098078
716.01,22.561,3.579285305098078
717.0,22.561,3.5842321289021712
717.0,22.561,3.5842321289021712
718.0,22.561,3.589228911707659
718.0,22.561,3.589228911707659
719.01,22.561,3.5942756532330424
719.01,22.561,3.5942756532330424
720.0,22.561,3.5992224503869257
720.0,22.561,3.5992224503869257
721.01,22.561,3.604269173748725
721.01,22.561,3.604269173748725
723.0,22.561,3.6142126908891736
723.0,22.561,3.6142126908891736
724.0,22.561,3.619209419668849
724.0,22.561,3.619209419668849
726.0,22.561,3.629202850071637
726.0,22.561,3.629202850071637
727.01,22.561,3.634249518639886
727.01,22.561,3.634249518639886
728.01,22.561,3.639246211061599
728.01,22.561,3.639246211061599
729.0,22.561,3.6441929275970364
729.0,22.561,3.6441929275970364
730.0,22.561,3.649189601901194
730.0,22.561,3.649189601901194
732.0,22.561,3.6591829231280943
732.0,22.561,3.6591829231280943
733.01,22.561,3.6642295364485933
733.01,22.561,3.6642295364485933
734.01,22.561,3.6692261740942373
734.01,22.561,3.6692261740942373
735.01,22.561,3.6742228025668155
735.01,22.561,3.6742228025668155
736.01,22.561,3.6792194218538374
736.01,22.561,3.6792194218538374
738.0,22.561,3.6891626668580924
738.0,22.561,3.6891626668580924
739.0,22.561,3.6941592586057856
739.0,22.561,3.6941592586057856
741.0,22.561,3.704152414382486
741.0,22.561,3.704152414382486
742.0,22.561,3.709148978386511
742.0,22.561,3.709148978386511
744.03,22.561,3.7192919747832356
744.03,22.561,3.7192919747832356
745.0,22.561,3.7241386147113844
745.0,22.561,3.7241386147113844
746.01,22.561,3.729185106770288
746.01,22.561,3.729185106770288
747.01,22.561,3.734181624191745
747.01,22.561,3.734181624191745
748.0,22.561,3.7391281672431402
748.0,22.561,3.7391281672431402
749.01,22.561,3.7441746310158073
749.01,22.561,3.7441746310158073
751.01,22.561,3.7541676003981213
751.01,22.561,3.7541676003981213
752.0,22.561,3.759114106357702
752.0,22.561,3.759114106357702
754.0,22.561,3.7691070195782364
754.0,22.561,3.7691070195782364
755.01,22.561,3.7741534264377936
755.01,22.561,3.7741534264377936
756.01,22.561,3.779149859390481
756.01,22.561,3.779149859390481
757.0,22.561,3.784096318707053
757.0,22.561,3.784096318707053
758.0,22.561,3.7890927328461657
758.0,22.561,3.7890927328461657
760.0,22.561,3.799085532693703
760.0,22.561,3.799085532693703
761.0,22.561,3.804081918377147
761.0,22.561,3.804081918377147
762.01,22.561,3.8091282582640495
762.01,22.8833,3.8091282582640495
763.0,22.561,3.8140746612009293
763.0,22.8833,3.8140746612009293
764.01,22.561,3.819120981839244
764.01,22.561,3.819120981839244
766.0,22.561,3.829063703891475
766.0,22.561,3.829063703891475
767.0,22.561,3.8340600323263265
767.0,22.561,3.8340600323263265
768.0,22.561,3.8390563511760276
768.0,22.561,3.8390563511760276
769.0,22.561,3.8440526604280887
769.0,22.561,3.8440526604280887
770.01,22.561,3.8490989230178623
770.01,22.561,3.8490989230178623
772.0,22.561,3.859041530473516
772.0,22.8833,3.859041530473516
773.01,22.8833,3.864087763868709
773.01,22.561,3.864087763868709
774.0,22.561,3.8690340622866004
774.0,22.561,3.8690340622866004
775.0,22.561,3.8740303136905094
775.0,22.8833,3.8740303136905094
776.01,22.561,3.879076517777581
776.01,22.561,3.879076517777581
778.0,22.561,3.8890190097418222
778.0,22.561,3.8890190097418222
779.01,22.561,3.8940651844072303
779.01,22.561,3.8940651844072303
781.01,22.561,3.9040575801719997
781.01,22.8833,3.9040575801719997
782.0,22.561,3.9090038016362834
782.0,22.8833,3.9090038016362834
783.0,22.561,3.9139999752098515
783.0,22.8833,3.9139999752098515
784.01,22.8833,3.919046100586848
784.01,22.561,3.919046100586848
785.01,22.8833,3.9240422544798883
785.01,22.561,3.9240422544798883
787.0,22.8833,3.93398457152922
787.0,22.561,3.93398457152922
788.0,22.8833,3.938980696052884
788.0,22.8833,3.938980696052884
789.0,22.8833,3.943976810729096
789.0,22.8833,3.943976810729096
790.0,22.8833,3.948972915545367
790.0,22.8833,3.948972915545367
791.0,22.8833,3.953969010489206
791.0,22.8833,3.953969010489206
793.0,22.8833,3.963961170709625
793.0,22.561,3.963961170709625
794.01,22.8833,3.969007196563653
794.01,22.8833,3.969007196563653
796.0,22.561,3.9789493366847553
796.0,22.8833,3.9789493366847553
797.0,22.8833,3.9839453721317057
797.0,22.8833,3.9839453721317057
798.0,22.8833,3.9889413976187926
798.0,22.8833,3.9889413976187926
799.0,22.8833,3.9939374131335263
799.0,22.8833,3.9939374131335263
800.01,22.8833,3.998983378668249
800.01,22.8833,3.998983378668249
801.01,22.8833,4.00397937410077
801.01,22.8833,4.00397937410077
803.01,22.8833,4.013971334923474
803.01,22.8833,4.013971334923474
804.01,22.8833,4.018967300288679
804.01,22.8833,4.018967300288679
805.01,22.8833,4.023963255606466
805.01,22.8833,4.023963255606466
806.0,22.8833,4.028909241461602
806.0,22.8833,4.028909241461602
807.01,22.8833,4.033955136049825
807.01,22.8833,4.033955136049825
809.0,22.8833,4.043897017053623
809.0,22.8833,4.043897017053623
810.01,22.8833,4.04894288104698
810.01,22.8833,4.04894288104698
811.01,22.8833,4.05393877581797
811.01,22.8833,4.05393877581797
813.0,22.8833,4.063880576248302
813.0,22.8833,4.063880576248302
814.0,22.8833,4.0688764406789435
814.0,22.8833,4.0688764406789435
815.0,22.8833,4.0738722949373924
815.0,22.8833,4.0738722949373924
816.0,22.8833,4.078868139011162
816.0,22.561,4.078868139011162
817.01,22.8833,4.083913931174988
817.01,22.8833,4.083913931174988
819.0,22.8833,4.093855609999487
819.0,22.8833,4.093855609999487
820.0,22.8833,4.098851413209637
820.0,22.8833,4.098851413209637
822.0,22.8833,4.108842988876062
822.0,22.8833,4.108842988876062
823.0,22.8833,4.113838761307357
823.0,22.8833,4.113838761307357
824.01,22.8833,4.118884481023544
824.01,22.8833,4.118884481023544
825.0,22.8833,4.1238302753036695
825.0,22.8833,4.1238302753036695
826.0,22.8833,4.128826016843706
826.0,22.8833,4.128826016843706
828.01,22.8833,4.138867426101698
828.01,22.8833,4.138867426101698
829.01,22.8833,4.143863136534538
829.01,22.8833,4.143863136534538
831.0,22.8833,4.15380456946313
831.0,22.8833,4.15380456946313
832.0,22.8833,4.158800248883438
832.0,22.8833,4.158800248883438
833.0,22.8833,4.163795917906743
833.0,22.8833,4.163795917906743
834.01,22.8833,4.168841533054088
834.01,22.8833,4.168841533054088
835.01,22.8833,4.173837181141644
835.01,22.8833,4.173837181141644
837.0,22.8833,4.183778489780181
837.0,22.8833,4.183778489780181
838.0,22.8833,4.188774106631148
838.0,22.8833,4.188774106631148
839.0,22.8833,4.193769713010179
839.0,22.8833,4.193769713010179
840.0,22.8833,4.198765308904786
840.0,22.8833,4.198765308904786
841.0,22.8833,4.20376089430248
841.0,22.8833,4.20376089430248
843.0,22.8833,4.213752033557172
843.0,22.8833,4.213752033557172
844.0,22.8833,4.218747587389192
844.0,22.8833,4.218747587389192
845.01,22.8833,4.223793086053891
845.01,22.8833,4.223793086053891
846.0,22.8833,4.2287386634001365
846.0,22.8833,4.2287386634001365
847.0,22.8833,4.233734185554083
847.0,22.8833,4.233734185554083
849.0,22.8833,4.243725198096482
849.0,22.8833,4.243725198096482
850.0,22.8833,4.248720688459956
850.0,22.8833,4.248720688459956
851.0,22.8833,4.2537161682016285
851.0,22.8833,4.2537161682016285
852.01,22.8833,4.258761591946339
852.01,22.8833,4.258761591946339
853.0,22.8833,4.263707095769613
853.0,22.8833,4.263707095769613
855.0,22.8833,4.273697980700527
855.0,22.8833,4.273697980700527
856.0,22.8833,4.2786934071458615
856.0,22.8833,4.2786934071458615
858.0,22.8833,4.28868422793384
858.0,22.8833,4.28868422793384
859.01,22.8833,4.293729576140497
859.01,22.8833,4.293729576140497
861.0,22.8833,4.303670378671757
861.0,22.8833,4.303670378671757
862.03,22.8833,4.308815601445331
862.03,22.8833,4.308815601445331
863.0,22.8833,4.313661092055304
863.0,22.8833,4.313661092055304
865.0,22.8833,4.323651762302239
865.0,22.8833,4.323651762302239
866.0,22.8833,4.328647081218256
866.0,22.8833,4.328647081218256
867.0,22.8833,4.333642389312656
867.0,22.8833,4.333642389312656
868.0,22.8833,4.33863768657295
868.0,22.8833,4.33863768657295
870.0,22.8833,4.348628248541267
870.0,22.8833,4.348628248541267
871.01,23.205599999999997,4.3536734658162
871.01,22.8833,4.3536734658162
872.01,22.8833,4.3586687195062845
872.01,23.205599999999997,4.3586687195062845
873.0,22.8833,4.363614009925742
873.0,22.8833,4.363614009925742
874.01,22.8833,4.36865919418395
874.01,22.8833,4.36865919418395
876.0,22.8833,4.378599673128903
876.0,22.8833,4.378599673128903
877.0,22.8833,4.383594872320276
877.0,22.8833,4.383594872320276
878.01,22.8833,4.3886400123796
878.01,22.8833,4.3886400123796
879.0,22.8833,4.393585237813571
879.0,22.8833,4.393585237813571
880.01,23.205599999999997,4.398630355697778
880.01,23.205599999999997,4.398630355697778
882.0,23.205599999999997,4.408570703642572
882.0,23.205599999999997,4.408570703642572
883.0,22.8833,4.413565836892703
883.0,22.8833,4.413565836892703
885.0,22.8833,4.423556070278732
885.0,22.8833,4.423556070278732
886.01,22.8833,4.428601121334875
886.01,22.8833,4.428601121334875
887.01,23.205599999999997,4.4335962102636435
887.01,22.8833,4.4335962102636435
888.0,23.205599999999997,4.438541337384881
888.0,22.8833,4.438541337384881
890.0,23.205599999999997,4.448531459994692
890.0,22.8833,4.448531459994692
891.0,23.205599999999997,4.453526504623849
891.0,22.8833,4.453526504623849
892.0,23.205599999999997,4.458521538119189
892.0,23.205599999999997,4.458521538119189
893.01,22.8833,4.463566510635386
893.01,22.8833,4.463566510635386
894.01,22.8833,4.46856152171398
894.01,23.205599999999997,4.46856152171398
896.0,23.205599999999997,4.478501560512637
896.0,22.8833,4.478501560512637
897.0,23.205599999999997,4.483496538151583
897.0,23.205599999999997,4.483496538151583
898.01,22.8833,4.488541454189444
898.01,23.205599999999997,4.488541454189444
899.0,23.205599999999997,4.493486459790764
899.0,22.8833,4.493486459790764
900.0,23.205599999999997,4.498481403766024
900.0,23.205599999999997,4.498481403766024
902.0,23.205599999999997,4.508471257965446
902.0,23.205599999999997,4.508471257965446
903.0,23.205599999999997,4.513466168164633
903.0,22.8833,4.513466168164633
905.0,23.205599999999997,4.523455954699524
905.0,23.205599999999997,4.523455954699524
906.01,23.205599999999997,4.528500779716209
906.01,23.205599999999997,4.528500779716209
908.0,23.205599999999997,4.538440549655844
908.0,23.205599999999997,4.538440549655844
909.0,23.205599999999997,4.54343539196573
909.0,23.205599999999997,4.54343539196573
910.01,22.8833,4.548480171169138
910.01,23.205599999999997,4.548480171169138
911.01,23.205599999999997,4.5534749906355865
911.01,23.205599999999997,4.5534749906355865
912.0,23.205599999999997,4.55841985069391
912.0,23.205599999999997,4.55841985069391
914.0,23.205599999999997,4.568409432886595
914.0,23.205599999999997,4.568409432886595
915.01,23.205599999999997,4.573454154539636
915.01,23.205599999999997,4.573454154539636
916.0,23.205599999999997,4.5783989693951845
916.0,23.205599999999997,4.5783989693951845
917.0,23.205599999999997,4.583393720486726
917.0,23.205599999999997,4.583393720486726
918.01,23.205599999999997,4.588438407458208
918.01,23.205599999999997,4.588438407458208
920.0,23.205599999999997,4.5983779049605
920.0,23.205599999999997,4.5983779049605
921.0,23.205599999999997,4.603372610143184
921.0,23.205599999999997,4.603372610143184
922.0,23.205599999999997,4.608367303817436
922.0,23.205599999999997,4.608367303817436
923.0,23.205599999999997,4.613361985970771
923.0,23.205599999999997,4.613361985970771
924.0,23.205599999999997,4.6183566565907
924.0,23.205599999999997,4.6183566565907
926.0,23.205599999999997,4.628345963180397
926.0,23.205599999999997,4.628345963180397
927.01,23.205599999999997,4.633390545426164
927.01,23.205599999999997,4.633390545426164
928.01,23.205599999999997,4.638385169671711
928.01,23.205599999999997,4.638385169671711
929.0,23.205599999999997,4.6433298362522395
929.0,23.205599999999997,4.6433298362522395
930.01,23.205599999999997,4.6483743833624285
930.01,23.205599999999997,4.6483743833624285
932.0,23.205599999999997,4.658313604849161
932.0,23.205599999999997,4.658313604849161
933.0,23.205599999999997,4.663308171106548
933.0,23.205599999999997,4.663308171106548
935.0,23.205599999999997,4.673297268634026
935.0,23.205599999999997,4.673297268634026
936.0,23.205599999999997,4.678291799879143
936.0,23.205599999999997,4.678291799879143
937.0,23.205599999999997,4.6832863194285315
937.0,23.205599999999997,4.6832863194285315
938.0,23.205599999999997,4.688280827269703
938.0,23.205599999999997,4.688280827269703
939.0,23.205599999999997,4.693275323390173
939.0,23.205599999999997,4.693275323390173
940.01,23.205599999999997,4.698319752562032
940.01,23.205599999999997,4.698319752562032
942.0,23.205599999999997,4.708258741302508
942.0,23.205599999999997,4.708258741302508
943.0,23.205599999999997,4.713253190415307
943.0,23.205599999999997,4.713253190415307
944.02,23.205599999999997,4.718347516371294
944.02,23.205599999999997,4.718347516371294
945.01,23.205599999999997,4.723291997474751
945.01,23.205599999999997,4.723291997474751
946.0,23.205599999999997,4.7282364670049635
946.0,23.205599999999997,4.7282364670049635
948.05,23.205599999999997,4.73847497817536
948.05,23.205599999999997,4.73847497817536
949.0,23.205599999999997,4.743219637209299
949.0,23.205599999999997,4.743219637209299
951.0,23.205599999999997,4.753208358076088
951.0,23.205599999999997,4.753208358076088
952.0,23.205599999999997,4.758202700691195
952.0,23.205599999999997,4.758202700691195
954.02,23.205599999999997,4.768291236477085
954.02,23.205599999999997,4.768291236477085
955.0,23.205599999999997,4.773185657113528
955.0,23.205599999999997,4.773185657113528
956.0,23.205599999999997,4.778179952071692
956.0,23.205599999999997,4.778179952071692
957.01,23.205599999999997,4.783224177854167
957.01,23.205599999999997,4.783224177854167
958.05,23.205599999999997,4.788418219377804
958.05,23.205599999999997,4.788418219377804
960.0,23.205599999999997,4.798157012324992
960.0,23.205599999999997,4.798157012324992
961.0,23.205599999999997,4.8031512474310505
961.0,23.205599999999997,4.8031512474310505
963.0,23.205599999999997,4.813139681607046
963.0,23.205599999999997,4.813139681607046
964.04,23.205599999999997,4.818333648363351
964.04,23.205599999999997,4.818333648363351
965.0,23.205599999999997,4.823128067651645
965.0,23.205599999999997,4.823128067651645
966.0,23.205599999999997,4.828122242593457
966.0,23.205599999999997,4.828122242593457
967.08,23.205599999999997,4.833515937972873
967.08,23.205599999999997,4.833515937972873
968.01,23.205599999999997,4.838160497700505
968.01,23.5279,4.838160497700505
970.0,23.205599999999997,4.848098821532795
970.0,23.205599999999997,4.848098821532795
971.0,23.205599999999997,4.853092935998225
971.0,23.205599999999997,4.853092935998225
972.05,23.205599999999997,4.85833674312885
972.05,23.205599999999997,4.85833674312885
973.02,23.205599999999997,4.863181010198185
973.02,23.205599999999997,4.863181010198185
975.04,23.205599999999997,4.873269034788838
975.04,23.205599999999997,4.873269034788838
976.02,23.205599999999997,4.878163207033876
976.02,23.205599999999997,4.878163207033876
977.01,23.205599999999997,4.8831073079196345
977.01,23.205599999999997,4.8831073079196345
978.0,23.205599999999997,4.8880513968405594
978.0,23.205599999999997,4.8880513968405594
979.01,23.205599999999997,4.893095354003331
979.01,23.205599999999997,4.893095354003331
981.03,23.205599999999997,4.903183230880162
981.03,23.205599999999997,4.903183230880162
982.03,23.205599999999997,4.908177210830933
982.03,23.205599999999997,4.908177210830933
984.0,23.205599999999997,4.918015315425573
984.0,23.205599999999997,4.918015315425573
985.0,23.205599999999997,4.923009258896603
985.0,23.205599999999997,4.923009258896603
986.04,23.205599999999997,4.928202947050477
986.04,23.205599999999997,4.928202947050477
987.0,23.5279,4.93299710890361
987.0,23.205599999999997,4.93299710890361
988.01,23.205599999999997,4.938040954417405
988.01,23.205599999999997,4.938040954417405
991.0,23.5279,4.9529726608278315
991.0,23.205599999999997,4.9529726608278315
992.0,23.205599999999997,4.957966517884019
992.0,23.205599999999997,4.957966517884019
993.0,23.205599999999997,4.9629603625452905
993.0,23.205599999999997,4.9629603625452905
994.0,23.5279,4.9679541947991614
994.0,23.5279,4.9679541947991614
995.0,23.205599999999997,4.972948014633147
995.0,23.205599999999997,4.972948014633147
996.0,23.205599999999997,4.977941822034762
996.0,23.205599999999997,4.977941822034762
997.0,23.205599999999997,4.982935616991523
997.0,23.205599999999997,4.982935616991523
998.01,23.205599999999997,4.987979337252987
998.01,23.205599999999997,4.987979337252987
1000.0,23.5279,4.997916927067833
1000.0,23.5279,4.997916927067833
