Time,T1,Q1
0.0,20.949499999999997,0.0
0.0,20.949499999999997,0.0
1.0,20.949499999999997,0.04999999791666669
1.0,20.949499999999997,0.04999999791666669
2.02,20.949499999999997,0.10099998282831754
2.02,20.949499999999997,0.10099998282831754
3.0,20.949499999999997,0.14999994375000633
3.0,20.949499999999997,0.14999994375000633
5.03,20.6272,0.25149973486773597
5.03,20.949499999999997,0.25149973486773597
6.0,20.949499999999997,0.2999995500002025
6.0,20.949499999999997,0.2999995500002025
8.03,20.6272,0.4014989212891465
8.03,20.949499999999997,0.4014989212891465
9.02,20.949499999999997,0.4509984711040383
9.02,20.949499999999997,0.4509984711040383
10.05,20.949499999999997,0.5024978852628262
10.05,20.949499999999997,0.5024978852628262
11.01,20.949499999999997,0.5504972195181694
11.01,20.6272,0.5504972195181694
12.06,20.949499999999997,0.6029963457361937
12.06,20.949499999999997,0.6029963457361937
14.0,20.949499999999997,0.6999942833473392
14.0,20.949499999999997,0.6999942833473392
15.0,20.6272,0.7499929687697754
15.0,20.949499999999997,0.7499929687697754
17.0,20.949499999999997,0.8499897646203087
17.0,20.949499999999997,0.8499897646203087
18.03,20.949499999999997,0.9014877891983125
18.03,20.949499999999997,0.9014877891983125
19.01,20.949499999999997,0.9504856879069412
19.01,20.949499999999997,0.9504856879069412
20.05,20.949499999999997,1.002483208104953
20.05,20.949499999999997,1.002483208104953
21.0,20.949499999999997,1.0499807063563567
21.0,20.949499999999997,1.0499807063563567
22.01,20.949499999999997,1.100477786537429
22.01,20.949499999999997,1.100477786537429
24.0,20.949499999999997,1.1999712002073595
24.0,20.949499999999997,1.1999712002073595
25.0,20.949499999999997,1.2499674481709788
25.0,20.949499999999997,1.2499674481709788
27.0,20.949499999999997,1.3499589941236678
27.0,20.949499999999997,1.3499589941236678
28.0,20.949499999999997,1.3999542671148513
28.0,20.949499999999997,1.3999542671148513
29.0,20.6272,1.4499491901174753
29.0,20.6272,1.4499491901174753
30.01,20.949499999999997,1.5004436943651125
30.01,20.949499999999997,1.5004436943651125
31.01,20.949499999999997,1.5504378760815396
31.01,20.949499999999997,1.5504378760815396
32.0,20.949499999999997,1.5999317342071415
32.0,20.949499999999997,1.5999317342071415
33.0,20.949499999999997,1.6499251322691442
33.0,20.949499999999997,1.6499251322691442
35.0,20.949499999999997,1.7499106784510807
35.0,20.949499999999997,1.7499106784510807
36.0,20.949499999999997,1.799902801574628
36.0,20.949499999999997,1.799902801574628
38.0,20.949499999999997,1.8998856853967314
38.0,20.949499999999997,1.8998856853967314
39.0,20.949499999999997,1.9498764210995674
39.0,20.949499999999997,1.9498764210995674
41.0,20.949499999999997,2.0498564176003917
41.0,20.949499999999997,2.0498564176003917
42.0,20.949499999999997,2.099845653403382
42.0,20.949499999999997,2.099845653403382
44.0,20.949499999999997,2.199822537627977
44.0,20.949499999999997,2.199822537627977
45.0,20.949499999999997,2.2498101610553616
45.0,20.949499999999997,2.2498101610553616
47.01,20.949499999999997,2.35028356997026
47.01,20.949499999999997,2.35028356997026
48.0,20.949499999999997,2.399769606635429
48.0,20.949499999999997,2.399769606635429
50.0,20.949499999999997,2.4997395914712333
50.0,20.949499999999997,2.4997395914712333
51.0,20.949499999999997,2.5497236527348934
51.0,20.949499999999997,2.5497236527348934
52.0,20.949499999999997,2.5997070765676544
52.0,20.949499999999997,2.5997070765676544
53.01,20.949499999999997,2.6501896748883094
53.01,20.949499999999997,2.6501896748883094
54.0,20.949499999999997,2.699671961957215
54.0,20.949499999999997,2.699671961957215
56.0,20.949499999999997,2.799634147675039
56.0,20.949499999999997,2.799634147675039
57.0,20.949499999999997,2.849614196918761
57.0,20.949499999999997,2.849614196918761
59.0,20.949499999999997,2.949572145700768
59.0,20.949499999999997,2.949572145700768
60.0,20.949499999999997,2.999550020249566
60.0,20.949499999999997,2.999550020249566
62.0,20.949499999999997,3.099503507190413
62.0,20.949499999999997,3.099503507190413
63.0,21.2718,3.149479094594091
63.0,20.949499999999997,3.149479094594091
65.03,21.2718,3.2509271023150847
65.03,20.949499999999997,3.2509271023150847
67.0,20.949499999999997,3.3493734455752358
67.0,20.949499999999997,3.3493734455752358
68.01,20.949499999999997,3.3998446821804897
68.01,20.949499999999997,3.3998446821804897
69.0,20.949499999999997,3.449315646978829
69.0,21.2718,3.449315646978829
70.03,20.949499999999997,3.5007845413836796
70.03,21.2718,3.5007845413836796
71.01,21.2718,3.5497540839932817
71.01,21.2718,3.5497540839932817
72.0,21.2718,3.5992224503869257
72.0,20.949499999999997,3.5992224503869257
73.05,21.2718,3.6516879356329377
73.05,21.2718,3.6516879356329377
75.0,21.2718,3.7491211555460264
75.0,21.2718,3.7491211555460264
76.0,21.2718,3.799085532693703
76.0,21.2718,3.799085532693703
77.01,21.2718,3.8495485895051718
77.01,21.2718,3.8495485895051718
78.06,21.2718,3.9020091422182706
78.06,21.2718,3.9020091422182706
79.01,21.2718,3.949472525484217
79.01,21.2718,3.949472525484217
81.0,21.2718,4.048892922048132
81.0,21.2718,4.048892922048132
82.0,21.2718,4.098851413209637
82.0,21.2718,4.098851413209637
83.03,21.2718,4.150307587689387
83.03,21.2718,4.150307587689387
84.0,21.2718,4.198765308904786
84.0,21.2718,4.198765308904786
85.0,21.2718,4.248720688459956
85.0,21.2718,4.248720688459956
86.01,21.2718,4.299174543602461
86.01,21.2718,4.299174543602461
87.01,21.2718,4.3491277754989985
87.01,21.2718,4.3491277754989985
89.01,21.2718,4.449030964958274
89.01,21.2718,4.449030964958274
90.0,21.2718,4.498481403766023
90.0,21.2718,4.498481403766023
92.0,21.2718,4.5983779049605
92.0,21.2718,4.5983779049605
93.0,21.2718,4.648324437409519
93.0,21.2718,4.648324437409519
94.0,21.2718,4.698269807777454
94.0,21.2718,4.698269807777454
95.01,21.594099999999997,4.748713439562154
95.01,21.594099999999997,4.748713439562154
96.0,21.2718,4.798157012324992
96.0,21.2718,4.798157012324992
98.0,21.594099999999997,4.898039418715918
98.0,21.594099999999997,4.898039418715918
99.0,21.2718,4.947978791389212
99.0,21.594099999999997,4.947978791389212
101.04,21.594099999999997,5.04985126254948
101.04,21.2718,5.04985126254948
102.0,21.594099999999997,5.097789437503238
102.0,21.594099999999997,5.097789437503238
104.05,21.594099999999997,5.20015346928666
104.05,21.594099999999997,5.20015346928666
105.05,21.594099999999997,5.250085167431821
105.05,21.594099999999997,5.250085167431821
106.05,21.594099999999997,5.300015553055718
106.05,21.594099999999997,5.300015553055718
107.04,21.594099999999997,5.349445329669308
107.04,21.594099999999997,5.349445329669308
108.02,21.594099999999997,5.398374524695329
108.02,21.594099999999997,5.398374524695329
110.04,21.594099999999997,5.499224477369671
110.04,21.594099999999997,5.499224477369671
111.0,21.594099999999997,5.547151207535047
111.0,21.594099999999997,5.547151207535047
112.0,21.594099999999997,5.5970735255755475
112.0,21.594099999999997,5.5970735255755475
113.0,21.594099999999997,5.646994444347695
113.0,21.594099999999997,5.646994444347695
114.07,21.594099999999997,5.700408263670438
114.07,21.594099999999997,5.700408263670438
116.0,21.594099999999997,5.7967486802535
116.0,21.594099999999997,5.7967486802535
117.02,21.594099999999997,5.847662166224075
117.02,21.594099999999997,5.847662166224075
119.01,21.9164,5.946988988601467
119.01,21.594099999999997,5.946988988601467
120.01,21.594099999999997,5.99689974813947
120.01,21.594099999999997,5.99689974813947
121.01,21.594099999999997,6.046809008452569
121.01,21.594099999999997,6.046809008452569
122.15,21.9164,6.103703720524891
122.15,21.594099999999997,6.103703720524891
123.08,21.594099999999997,6.150116359802474
123.08,21.594099999999997,6.150116359802474
125.04,21.9164,6.247927878010101
125.04,21.9164,6.247927878010101
126.01,21.9164,6.296332384951746
126.01,21.9164,6.296332384951746
128.01,21.9164,6.396130804300458
128.01,21.9164,6.396130804300458
129.03,21.9164,6.447025541614562
129.03,21.9164,6.447025541614562
131.04,21.9164,6.54731319162936
131.04,21.9164,6.54731319162936
132.01,21.9164,6.595708354815057
132.01,21.9164,6.595708354815057
133.0,21.9164,6.64509975654725
133.0,21.9164,6.64509975654725
134.0,21.9164,6.694988408317346
134.0,21.9164,6.694988408317346
135.08,21.9164,6.748866271902785
135.08,21.9164,6.748866271902785
137.03,21.9164,6.846140752676955
137.03,21.9164,6.846140752676955
138.0,21.9164,6.894526153211723
138.0,21.9164,6.894526153211723
140.02,22.238699999999998,6.995282284403799
140.02,21.9164,6.995282284403799
141.02,22.238699999999998,7.045158922954048
141.02,21.9164,7.045158922954048
143.01,22.238699999999998,7.144408181502768
143.01,22.238699999999998,7.144408181502768
144.02,22.238699999999998,7.1947782209922
144.02,22.238699999999998,7.1947782209922
145.01,22.238699999999998,7.2441490533318
145.01,22.238699999999998,7.2441490533318
146.01,22.238699999999998,7.29401677892417
146.01,22.238699999999998,7.29401677892417
147.04,22.238699999999998,7.345378629771558
147.04,22.238699999999998,7.345378629771558
149.08,22.238699999999998,7.447099250502491
149.08,22.238699999999998,7.447099250502491
150.03,22.238699999999998,7.494466509658388
150.03,22.238699999999998,7.494466509658388
152.02,22.238699999999998,7.5936829589907635
152.02,22.238699999999998,7.5936829589907635
153.0,22.238699999999998,7.642540564308713
153.0,22.238699999999998,7.642540564308713
155.05,22.238699999999998,7.744736750121306
155.05,22.561,7.744736750121306
156.05,22.238699999999998,7.794585602049811
156.05,22.238699999999998,7.794585602049811
158.02,22.238699999999998,7.892782127893979
158.02,22.561,7.892782127893979
159.06,22.561,7.944618835788117
159.06,22.238699999999998,7.944618835788117
160.04,22.238699999999998,7.993462998731446
160.04,22.561,7.993462998731446
161.01,22.561,8.041806861933736
161.01,22.561,8.041806861933736
162.01,22.561,8.091643915745273
162.01,22.561,8.091643915745273
164.04,22.561,8.192806900466
164.04,22.561,8.192806900466
165.0,22.561,8.240644590580368
165.0,22.561,8.240644590580368
166.0,22.561,8.290473498662173
166.0,22.561,8.290473498662173
167.06,22.561,8.343289878072186
167.06,22.561,8.343289878072186
168.03,22.561,8.3916197946811
168.03,22.561,8.3916197946811
170.0,22.561,8.489768280241602
170.0,22.561,8.489768280241602
171.05,22.561,8.542077565753797
171.05,22.561,8.542077565753797
172.01,22.561,8.5899011382335
172.01,22.561,8.5899011382335
173.07,22.561,8.642704033315084
173.07,22.561,8.642704033315084
174.0,22.8833,8.689029102759232
174.0,22.561,8.689029102759232
176.01,22.8833,8.789144595427713
176.01,22.8833,8.789144595427713
177.06,22.8833,8.841440209850015
177.06,22.8833,8.841440209850015
179.03,22.8833,8.939550157059664
179.03,22.8833,8.939550157059664
180.03,22.8833,8.989348847889433
180.03,22.8833,8.989348847889433
181.05,22.8833,9.04014119724355
181.05,22.8833,9.04014119724355
182.07,22.8833,9.09093119525699
182.07,22.8833,9.09093119525699
183.0,22.8833,9.137237662395679
183.0,22.8833,9.137237662395679
185.02,22.8833,9.237810481122164
185.02,22.8833,9.237810481122164
186.02,22.8833,9.28759552436101
186.02,22.8833,9.28759552436101
188.0,22.8833,9.386163047913683
188.0,22.8833,9.386163047913683
189.04,22.8833,9.437932209683805
189.04,22.8833,9.437932209683805
190.02,22.8833,9.486712353874184
190.02,22.8833,9.486712353874184
191.01,23.205599999999997,9.535987941855641
191.01,23.205599999999997,9.535987941855641
192.08,23.205599999999997,9.589242767763864
192.08,23.205599999999997,9.589242767763864
194.0,23.205599999999997,9.684795937847284
194.0,23.205599999999997,9.684795937847284
195.04,23.205599999999997,9.736550183883743
195.04,23.205599999999997,9.736550183883743
197.02,23.205599999999997,9.83507501690707
197.02,23.205599999999997,9.83507501690707
198.03,23.205599999999997,9.885328927207775
198.03,23.205599999999997,9.885328927207775
200.0,23.205599999999997,9.983341664682815
200.0,23.205599999999997,9.983341664682815
201.03,23.205599999999997,10.034583053013625
201.03,23.205599999999997,10.034583053013625
202.05,23.205599999999997,10.085324329391595
202.05,23.205599999999997,10.085324329391595
203.05,23.205599999999997,10.135068132321159
203.05,23.205599999999997,10.135068132321159
204.01,23.205599999999997,10.182819799521555
204.01,23.205599999999997,10.182819799521555
206.04,23.205599999999997,10.283786939830184
206.04,23.5279,10.283786939830184
207.04,23.205599999999997,10.333520558854731
207.04,23.5279,10.333520558854731
208.04,23.5279,10.383251594499193
208.04,23.5279,10.383251594499193
209.0,23.5279,10.4309909467331
209.0,23.5279,10.4309909467331
210.03,23.5279,10.482208620553235
210.03,23.5279,10.482208620553235
212.03,23.5279,10.58165246192742
212.03,23.5279,10.58165246192742
213.03,23.5279,10.631370420709999
213.03,23.5279,10.631370420709999
215.04,23.5279,10.731295465098444
215.04,23.5279,10.731295465098444
216.05,23.5279,10.781502471798296
216.05,23.5279,10.781502471798296
217.06,23.5279,10.831706728945537
217.06,23.5279,10.831706728945537
218.0,23.5279,10.87842900157316
218.0,23.5279,10.87842900157316
219.12,23.850199999999997,10.934094954164603
219.12,23.850199999999997,10.934094954164603
221.01,23.5279,11.028023464720278
221.01,23.850199999999997,11.028023464720278
222.01,23.850199999999997,11.077717110805512
222.01,23.850199999999997,11.077717110805512
224.03,23.850199999999997,11.17808981570148
224.03,23.850199999999997,11.17808981570148
225.01,23.850199999999997,11.226781382795718
225.01,23.850199999999997,11.226781382795718
226.0,23.850199999999997,11.275967065626121
226.0,23.850199999999997,11.275967065626121
227.28,23.850199999999997,11.339556578574886
227.28,23.850199999999997,11.339556578574886
229.0,23.850199999999997,11.424997667886668
229.0,23.850199999999997,11.424997667886668
230.01,23.850199999999997,11.475165536615101
230.01,23.850199999999997,11.475165536615101
232.02,24.1725,11.574995842869514
232.02,23.850199999999997,11.574995842869514
233.03,23.850199999999997,11.625154923147488
233.03,23.850199999999997,11.625154923147488
234.05,23.850199999999997,11.675807619059166
234.05,24.1725,11.675807619059166
235.02,23.850199999999997,11.72397452265438
235.02,24.1725,11.72397452265438
236.06,24.1725,11.775614324587488
236.06,24.1725,11.775614324587488
238.02,24.1725,11.872926823501517
238.02,24.1725,11.872926823501517
239.0,24.1725,11.921578802765035
239.0,24.1725,11.921578802765035
241.02,24.1725,12.02185241026831
241.02,24.1725,12.02185241026831
242.01,24.1725,12.070991934383395
242.01,24.1725,12.070991934383395
243.02,24.1725,12.12112112814842
243.02,24.1725,12.12112112814842
244.0,24.1725,12.169758381254773
244.0,24.1725,12.169758381254773
245.07,24.1725,12.22285898366712
245.07,24.1725,12.22285898366712
247.05,24.1725,12.321110673402371
247.05,24.1725,12.321110673402371
248.04,24.1725,12.370231995818218
248.04,24.494799999999998,12.370231995818218
249.0,24.494799999999998,12.417861898794245
249.0,24.494799999999998,12.417861898794245
250.0,24.494799999999998,12.467473338522769
250.0,24.494799999999998,12.467473338522769
251.05,24.494799999999998,12.519561995485775
251.05,24.494799999999998,12.519561995485775
253.01,24.494799999999998,12.616784911502963
253.01,24.494799999999998,12.616784911502963
254.0,24.494799999999998,12.665887804737274
254.0,24.494799999999998,12.665887804737274
255.03,24.494799999999998,12.71697135900109
255.03,24.494799999999998,12.71697135900109
256.02,24.494799999999998,12.766067907155303
256.02,24.494799999999998,12.766067907155303
257.1,24.494799999999998,12.819624209975657
257.1,24.494799999999998,12.819624209975657
259.04,24.817099999999996,12.915817799513531
259.04,24.494799999999998,12.915817799513531
260.05,24.494799999999998,12.965893162652447
260.05,24.494799999999998,12.965893162652447
261.05,24.817099999999996,13.015469472477657
261.05,24.494799999999998,13.015469472477657
263.0,24.817099999999996,13.112133906413046
263.0,24.817099999999996,13.112133906413046
264.01,24.817099999999996,13.162196231841053
264.01,24.817099999999996,13.162196231841053
266.01,24.817099999999996,13.261319632660001
266.01,24.817099999999996,13.261319632660001
267.01,24.817099999999996,13.310876366269724
267.01,24.817099999999996,13.310876366269724
269.02,24.817099999999996,13.41047532169213
269.02,24.817099999999996,13.41047532169213
270.05,24.817099999999996,13.461508349856638
270.05,24.817099999999996,13.461508349856638
272.0,24.817099999999996,13.558114487825277
272.0,24.817099999999996,13.558114487825277
273.05,24.817099999999996,13.610127844845147
273.05,24.817099999999996,13.610127844845147
274.04,25.1394,13.659165574408712
274.04,24.817099999999996,13.659165574408712
275.01,25.1394,13.707209396746812
275.01,25.1394,13.707209396746812
276.0,25.1394,13.75624048859627
276.0,25.1394,13.75624048859627
278.05,25.1394,13.85775878743129
278.05,25.1394,13.85775878743129
279.04,25.1394,13.906779490893959
279.04,25.1394,13.906779490893959
281.0,25.1394,14.003820517882435
281.0,25.1394,14.003820517882435
282.06,25.1394,14.05629629193576
282.06,25.1394,14.05629629193576
283.03,25.1394,14.104313116323262
283.03,25.1394,14.104313116323262
284.06,25.1394,14.155296421444
284.06,25.1394,14.155296421444
285.07,25.1394,14.205286113863483
285.07,25.1394,14.205286113863483
287.0,25.1394,14.30080088543619
287.0,25.1394,14.30080088543619
288.01,25.461699999999997,14.350779997108665
288.01,25.461699999999997,14.350779997108665
290.02,25.461699999999997,14.450232476236035
290.02,25.461699999999997,14.450232476236035
291.04,25.461699999999997,14.500695322301526
291.04,25.461699999999997,14.500695322301526
293.05,25.461699999999997,14.600125761451771
293.05,25.461699999999997,14.600125761451771
294.01,25.461699999999997,14.64760972910472
294.01,25.461699999999997,14.64760972910472
296.0,25.461699999999997,14.746029275992298
296.0,25.461699999999997,14.746029275992298
297.03,25.461699999999997,14.796964319020608
297.03,25.461699999999997,14.796964319020608
299.04,25.461699999999997,14.896350515914245
299.04,25.784,14.896350515914245
300.03,25.784,14.945296402295591
300.03,25.461699999999997,14.945296402295591
302.02,25.784,15.0436714871613
302.02,25.461699999999997,15.0436714871613
303.04,25.784,15.094089130243566
303.04,25.784,15.094089130243566
304.02,25.784,15.142525912961718
304.02,25.784,15.142525912961718
305.0,25.784,15.19095905995947
305.0,25.784,15.19095905995947
306.06,25.784,15.24334182677039
306.06,25.784,15.24334182677039
308.03,25.784,15.340683319899002
308.03,25.784,15.340683319899002
309.0,26.106299999999997,15.388607424882785
309.0,25.784,15.388607424882785
310.05,25.784,15.440479953116643
310.05,25.784,15.440479953116643
311.0,26.106299999999997,15.487408573843494
311.0,26.106299999999997,15.487408573843494
312.04,25.784,15.538779056926485
312.04,26.106299999999997,15.538779056926485
314.0,26.106299999999997,15.635581227524781
314.0,26.106299999999997,15.635581227524781
315.01,26.106299999999997,15.685458121808043
315.01,26.106299999999997,15.685458121808043
317.0,26.106299999999997,15.783718701154898
317.0,26.106299999999997,15.783718701154898
318.01,26.106299999999997,15.833583676487208
318.01,26.106299999999997,15.833583676487208
320.0,26.106299999999997,15.931820661424597
320.0,26.106299999999997,15.931820661424597
321.0,26.106299999999997,15.981180032059115
321.0,26.106299999999997,15.981180032059115
323.03,26.4286,16.08136725408877
323.03,26.106299999999997,16.08136725408877
324.01,26.106299999999997,16.129727575973483
324.01,26.4286,16.129727575973483
326.02,26.4286,16.22890345312154
326.02,26.4286,16.22890345312154
327.05,26.4286,16.279718576821576
327.05,26.106299999999997,16.279718576821576
328.0,26.4286,16.326583067337904
328.0,26.4286,16.326583067337904
329.04,26.4286,16.377883127622823
329.04,26.4286,16.377883127622823
330.03,26.4286,16.42671272473322
330.03,26.4286,16.42671272473322
332.0,26.4286,16.52386670552656
332.0,26.4286,16.52386670552656
333.01,26.4286,16.573670403706693
333.01,26.4286,16.573670403706693
335.02,26.4286,16.672772105987068
335.02,26.750899999999998,16.672772105987068
336.05,26.4286,16.72354904594537
336.05,26.750899999999998,16.72354904594537
338.04,26.750899999999998,16.82163949086712
338.04,26.750899999999998,16.82163949086712
339.07,26.750899999999998,16.872403387617254
339.07,26.750899999999998,16.872403387617254
341.04,26.750899999999998,16.969483024923907
341.04,26.750899999999998,16.969483024923907
342.01,26.750899999999998,17.017277615180582
342.01,26.750899999999998,17.017277615180582
344.02,26.750899999999998,17.116303135787188
344.02,26.750899999999998,17.116303135787188
345.01,27.073199999999996,17.165070551459028
345.01,26.750899999999998,17.165070551459028
346.03,26.750899999999998,17.215311368501172
346.03,26.750899999999998,17.215311368501172
347.06,26.750899999999998,17.26604019876367
347.06,26.750899999999998,17.26604019876367
348.07,27.073199999999996,17.315779556411822
348.07,27.073199999999996,17.315779556411822
350.01,27.073199999999996,17.41130612241141
350.01,27.073199999999996,17.41130612241141
351.03,27.073199999999996,17.461524864979964
351.03,27.073199999999996,17.461524864979964
352.0,27.073199999999996,17.509277691431823
352.0,27.073199999999996,17.509277691431823
353.01,27.073199999999996,17.55899532955767
353.01,27.073199999999996,17.55899532955767
354.08,27.073199999999996,17.611661605554232
354.08,27.073199999999996,17.611661605554232
356.02,27.073199999999996,17.70713712819986
356.02,27.073199999999996,17.70713712819986
357.03,27.073199999999996,17.756836867879965
357.03,27.073199999999996,17.756836867879965
359.01,27.3955,17.854254888442185
359.01,27.073199999999996,17.854254888442185
360.01,27.3955,17.903449264205022
360.01,27.3955,17.903449264205022
361.0,27.073199999999996,17.952147287302527
361.0,27.3955,17.952147287302527
362.01,27.3955,18.001824575846552
362.01,27.3955,18.001824575846552
363.0,27.3955,18.0505137003362
363.0,27.3955,18.0505137003362
365.01,27.3955,18.149353759153218
365.01,27.3955,18.149353759153218
366.0,27.3955,18.198029444441772
366.0,27.3955,18.198029444441772
367.0,27.3955,18.2471922765186
367.0,27.3955,18.2471922765186
368.08,27.3955,18.300283010981993
368.08,27.3955,18.300283010981993
369.09,27.3955,18.349927850867072
369.09,27.3955,18.349927850867072
371.0,27.717799999999997,18.443797863956227
371.0,27.3955,18.443797863956227
372.01,27.3955,18.49342913983413
372.01,27.717799999999997,18.49342913983413
373.02,27.3955,18.543055699425366
373.02,27.717799999999997,18.543055699425366
374.02,27.717799999999997,18.592186248039944
374.02,27.717799999999997,18.592186248039944
375.09,27.717799999999997,18.644750787261117
375.09,27.717799999999997,18.644750787261117
377.01,27.717799999999997,18.739058813973564
377.01,27.717799999999997,18.739058813973564
378.02,27.717799999999997,18.788661839224684
378.02,27.717799999999997,18.788661839224684
379.03,27.717799999999997,18.83826007289742
379.03,27.717799999999997,18.83826007289742
380.04,27.717799999999997,18.887853502342985
380.04,27.717799999999997,18.887853502342985
381.01,28.0401,18.935478301228713
381.01,27.717799999999997,18.935478301228713
383.03,27.717799999999997,19.034641408680116
383.03,28.0401,19.034641408680116
384.02,27.717799999999997,19.083234065572675
384.02,27.717799999999997,19.083234065572675
385.0,28.0401,19.131331282325245
385.0,28.0401,19.131331282325245
386.0,28.0401,19.180405339844533
386.0,28.0401,19.180405339844533
387.03,28.0401,19.23094660592256
387.03,28.0401,19.23094660592256
389.08,28.0401,19.33152325498453
389.08,28.0401,19.33152325498453
390.02,28.0401,19.377634542942893
390.02,28.0401,19.377634542942893
392.0,28.0401,19.474748558520417
392.0,28.0401,19.474748558520417
393.03,28.0401,19.525259924437393
393.03,28.0401,19.525259924437393
395.02,28.0401,19.6228351653447
395.02,28.0401,19.6228351653447
396.04,28.362399999999997,19.672841080738383
396.04,28.362399999999997,19.672841080738383
397.02,28.362399999999997,19.72088116015629
397.02,28.362399999999997,19.72088116015629
398.0,28.362399999999997,19.768916504590727
398.0,28.362399999999997,19.768916504590727
399.02,28.362399999999997,19.818907434088363
399.02,28.362399999999997,19.818907434088363
401.03,28.362399999999997,19.917403871430206
401.03,28.362399999999997,19.917403871430206
402.01,28.362399999999997,19.965419720949782
402.01,28.362399999999997,19.965419720949782
404.0,28.362399999999997,20.06290653054594
404.0,28.362399999999997,20.06290653054594
405.01,28.362399999999997,20.112377167777062
405.01,28.362399999999997,20.112377167777062
406.05,28.6847,20.163311869797518
406.05,28.362399999999997,20.163311869797518
407.01,28.6847,20.210323678935076
407.01,28.362399999999997,20.210323678935076
408.09,28.6847,20.263206397752377
408.09,28.6847,20.263206397752377
410.0,28.6847,20.3567159904778
410.0,28.6847,20.3567159904778
411.05,28.6847,20.408113884393998
411.05,28.6847,20.408113884393998
412.04,28.6847,20.45656960401959
412.04,28.6847,20.45656960401959
413.04,28.6847,20.505509686746414
413.04,28.6847,20.505509686746414
414.0,28.6847,20.552487343421852
414.0,28.6847,20.552487343421852
416.01,28.6847,20.65083146278411
416.01,28.6847,20.65083146278411
417.06,28.6847,20.70219696887864
417.06,28.6847,20.70219696887864
419.01,28.6847,20.797574902413864
419.01,29.006999999999998,20.797574902413864
420.02,29.006999999999998,20.846968014482364
420.02,29.006999999999998,20.846968014482364
422.03,29.006999999999998,20.945249367380267
422.03,29.006999999999998,20.945249367380267
423.0,29.006999999999998,20.99267111507001
423.0,29.006999999999998,20.99267111507001
424.05,29.006999999999998,21.043998368706735
424.05,29.006999999999998,21.043998368706735
425.07,29.006999999999998,21.093853575474263
425.07,29.006999999999998,21.093853575474263
426.03,29.006999999999998,21.140771111352922
426.03,29.006999999999998,21.140771111352922
428.01,29.006999999999998,21.237523133931045
428.01,29.006999999999998,21.237523133931045
429.0,29.006999999999998,21.285891345560454
429.0,29.006999999999998,21.285891345560454
431.04,29.329299999999996,21.38554271583031
431.04,29.006999999999998,21.38554271583031
432.05,29.329299999999996,21.434871685543378
432.05,29.329299999999996,21.434871685543378
434.04,29.329299999999996,21.532048400369888
434.04,29.329299999999996,21.532048400369888
435.03,29.329299999999996,21.580384660704496
435.03,29.329299999999996,21.580384660704496
437.01,29.329299999999996,21.677041306330494
437.01,29.329299999999996,21.677041306330494
438.01,29.329299999999996,21.7258497252625
438.01,29.329299999999996,21.7258497252625
439.06,29.329299999999996,21.77709271931093
439.06,29.329299999999996,21.77709271931093
440.08,29.329299999999996,21.826865880424844
440.08,29.6516,21.826865880424844
441.05,29.329299999999996,21.874193914346275
441.05,29.329299999999996,21.874193914346275
443.04,29.6516,21.97127345338458
443.04,29.6516,21.97127345338458
444.05,29.6516,22.020536662638897
444.05,29.6516,22.020536662638897
446.03,29.6516,22.117095755542522
446.03,29.6516,22.117095755542522
447.03,29.6516,22.165854741496545
447.03,29.6516,22.165854741496545
449.04,29.6516,22.26384352764674
449.04,29.6516,22.26384352764674
450.0,29.6516,22.310636213174543
450.0,29.6516,22.310636213174543
451.05,29.6516,22.361809826760254
451.05,29.6516,22.361809826760254
452.0,29.6516,22.408104452317694
452.0,29.6516,22.408104452317694
453.03,29.973899999999997,22.458291859941752
453.03,29.973899999999997,22.458291859941752
455.04,29.973899999999997,22.556213227467424
455.04,29.973899999999997,22.556213227467424
456.0,29.973899999999997,22.602973608850416
456.0,29.973899999999997,22.602973608850416
458.04,29.973899999999997,22.70232211460196
458.04,29.973899999999997,22.70232211460196
459.03,29.973899999999997,22.750526853911815
459.03,29.973899999999997,22.750526853911815
461.02,29.973899999999997,22.847406372663855
461.02,29.973899999999997,22.847406372663855
462.0,29.973899999999997,22.89510757791638
462.0,29.973899999999997,22.89510757791638
463.0,29.973899999999997,22.943776610534332
463.0,29.973899999999997,22.943776610534332
464.0,29.973899999999997,22.992439907208247
464.0,29.973899999999997,22.992439907208247
465.06,30.2962,23.044016725630627
465.06,30.2962,23.044016725630627
467.03,30.2962,23.139854551079026
467.03,30.2962,23.139854551079026
468.0,30.2962,23.187035491168682
468.0,30.2962,23.187035491168682
469.05,30.2962,23.2381014950056
469.05,30.2962,23.2381014950056
470.01,30.2962,23.28478480812129
470.01,30.2962,23.28478480812129
471.01,30.2962,23.333407554352455
471.01,30.2962,23.333407554352455
473.01,30.2962,23.430635534605265
473.01,30.2962,23.430635534605265
474.05,30.618499999999997,23.481184830697323
474.05,30.2962,23.481184830697323
476.0,30.2962,23.57594763674532
476.0,30.618499999999997,23.57594763674532
477.01,30.618499999999997,23.62502110600559
477.01,30.618499999999997,23.62502110600559
479.02,30.618499999999997,23.722664230230354
479.02,30.618499999999997,23.722664230230354
480.02,30.618499999999997,23.77123397949978
480.02,30.618499999999997,23.77123397949978
481.05,30.618499999999997,23.821254608211355
481.05,30.618499999999997,23.821254608211355
482.03,30.618499999999997,23.868841185874125
482.03,30.618499999999997,23.868841185874125
483.0,30.618499999999997,23.91593654276305
483.0,30.618499999999997,23.91593654276305
484.04,30.618499999999997,23.96642428412418
484.04,30.618499999999997,23.96642428412418
486.03,30.940799999999996,24.06301256000406
486.03,30.618499999999997,24.06301256000406
487.03,30.940799999999996,24.111540394489545
487.03,30.618499999999997,24.111540394489545
489.04,30.940799999999996,24.20906309479787
489.04,30.618499999999997,24.20906309479787
490.0,30.940799999999996,24.255632478857205
490.0,30.940799999999996,24.255632478857205
491.02,30.940799999999996,24.30510632584105
491.02,30.940799999999996,24.30510632584105
492.03,30.940799999999996,24.35408890605599
492.03,30.940799999999996,24.35408890605599
493.01,30.940799999999996,24.401610621346055
493.01,30.940799999999996,24.401610621346055
495.03,30.940799999999996,24.49954504774708
495.03,30.940799999999996,24.49954504774708
496.03,30.940799999999996,24.548018194698773
496.03,30.940799999999996,24.548018194698773
498.0,31.263099999999998,24.643492329232835
498.0,30.940799999999996,24.643492329232835
499.01,31.263099999999998,24.692431731528536
499.01,31.263099999999998,24.692431731528536
500.03,30.940799999999996,24.74184929130151
500.03,31.263099999999998,24.74184929130151
501.06,31.263099999999998,24.79174480661029
501.06,31.263099999999998,24.79174480661029
502.03,31.263099999999998,24.838727775283644
502.03,31.263099999999998,24.838727775283644
504.0,31.263099999999998,24.934128799830766
504.0,31.263099999999998,24.934128799830766
505.01,31.263099999999998,24.983030609992106
505.01,31.263099999999998,24.983030609992106
507.0,31.263099999999998,25.079363045912423
507.0,31.263099999999998,25.079363045912423
508.04,31.263099999999998,25.129697762816054
508.04,31.263099999999998,25.129697762816054
510.03,31.263099999999998,25.225992355543525
510.03,31.263099999999998,25.225992355543525
511.0,31.585399999999996,25.272920873138727
511.0,31.585399999999996,25.272920873138727
513.04,31.585399999999996,25.371596488361014
513.04,31.585399999999996,25.371596488361014
514.0,31.585399999999996,25.418022944488865
514.0,31.585399999999996,25.418022944488865
516.01,31.585399999999996,25.515209357131457
516.01,31.585399999999996,25.515209357131457
517.03,31.585399999999996,25.564517984189646
517.03,31.585399999999996,25.564517984189646
519.03,31.9077,25.6611822535249
519.03,31.585399999999996,25.6611822535249
520.01,31.585399999999996,25.708538383883223
520.01,31.9077,25.708538383883223
521.0,31.585399999999996,25.75637147260209
521.0,31.9077,25.75637147260209
522.02,31.585399999999996,25.805647448020117
522.02,31.9077,25.805647448020117
523.02,31.9077,25.853950711997193
523.02,31.9077,25.853950711997193
524.06,31.9077,25.90417924989497
524.06,31.9077,25.90417924989497
526.0,31.9077,25.997856061618986
526.0,31.9077,25.997856061618986
527.02,31.9077,26.047099012296137
527.02,31.9077,26.047099012296137
529.0,31.9077,26.142668918053204
529.0,31.9077,26.142668918053204
530.01,31.9077,26.191409360875497
530.01,31.9077,26.191409360875497
531.06,32.23,26.2420730365889
531.06,31.9077,26.2420730365889
532.02,31.9077,26.28838778228811
532.02,32.23,26.28838778228811
533.03,32.23,26.337108215875332
533.03,32.23,26.337108215875332
535.04,32.23,26.43404670638142
535.04,32.23,26.43404670638142
536.05,32.23,26.482747019646137
536.05,32.23,26.482747019646137
538.0,32.23,26.57675325873865
538.0,32.23,26.57675325873865
539.01,32.23,26.625433743667777
539.01,32.23,26.625433743667777
541.04,32.23,26.723256147026632
541.04,32.23,26.723256147026632
542.0,32.552299999999995,26.769507405886134
542.0,32.23,26.769507405886134
544.04,32.552299999999995,26.86777083902329
544.04,32.552299999999995,26.86777083902329
545.06,32.552299999999995,26.916892079520434
545.06,32.552299999999995,26.916892079520434
547.02,32.552299999999995,27.011262251163398
547.02,32.552299999999995,27.011262251163398
548.07,32.552299999999995,27.061807034890762
548.07,32.552299999999995,27.061807034890762
550.02,32.552299999999995,27.15565611945116
550.02,32.552299999999995,27.15565611945116
551.02,32.552299999999995,27.20377384709471
551.02,32.552299999999995,27.20377384709471
553.02,32.552299999999995,27.29998888752411
553.02,32.552299999999995,27.29998888752411
554.06,32.552299999999995,27.350009925675472
554.06,32.552299999999995,27.350009925675472
556.0,32.8746,27.443298625778635
556.0,32.8746,27.443298625778635
557.0,32.8746,27.49137550471949
557.0,32.8746,27.49137550471949
559.0,32.8746,27.587508632052497
559.0,32.8746,27.587508632052497
560.03,32.8746,27.63700643645979
560.03,32.8746,27.63700643645979
562.01,32.8746,27.73213695539803
562.01,32.8746,27.73213695539803
563.05,32.8746,27.782093618972105
563.05,32.8746,27.782093618972105
564.01,32.8746,27.828200794876327
564.01,32.8746,27.828200794876327
565.0,32.8746,27.875742104619093
565.0,32.8746,27.875742104619093
566.04,33.1969,27.92567713399211
566.04,33.1969,27.92567713399211
568.01,33.1969,28.020244893201497
568.01,33.1969,28.020244893201497
569.0,33.1969,28.06775853442776
569.0,33.1969,28.06775853442776
570.01,33.1969,28.11622496000428
570.01,33.1969,28.11622496000428
571.04,33.1969,28.165643731969997
571.04,33.1969,28.165643731969997
572.0,33.1969,28.211697220929395
572.0,33.1969,28.211697220929395
574.0,33.1969,28.30762110063451
574.0,33.1969,28.30762110063451
575.05,33.1969,28.35796981166486
575.05,33.1969,28.35796981166486
577.06,33.5192,28.454329815811974
577.06,33.1969,28.454329815811974
578.03,33.5192,28.500821632109563
578.03,33.5192,28.500821632109563
580.0,33.5192,28.595222510483552
580.0,33.5192,28.595222510483552
581.02,33.5192,28.64408922720756
581.02,33.5192,28.64408922720756
583.0,33.5192,28.738926868289948
583.0,33.5192,28.738926868289948
584.01,33.5192,28.787292802061952
584.01,33.5192,28.787292802061952
586.02,33.5192,28.88352394378691
586.02,33.5192,28.88352394378691
587.0,33.841499999999996,28.930432036609233
587.0,33.5192,28.930432036609233
588.03,33.841499999999996,28.979725912433047
588.03,33.841499999999996,28.979725912433047
589.06,33.841499999999996,29.02901210210923
589.06,33.841499999999996,29.02901210210923
590.06,33.5192,29.076855405707512
590.06,33.841499999999996,29.076855405707512
592.0,33.841499999999996,29.16965067365838
592.0,33.841499999999996,29.16965067365838
593.03,33.841499999999996,29.218907115812748
593.03,33.841499999999996,29.218907115812748
594.02,33.841499999999996,29.266243382590368
594.02,33.841499999999996,29.266243382590368
595.0,33.841499999999996,29.31309444262154
595.0,33.841499999999996,29.31309444262154
596.0,33.841499999999996,29.360894391665376
596.0,33.841499999999996,29.360894391665376
598.03,33.841499999999996,29.45790570111808
598.03,33.841499999999996,29.45790570111808
599.0,33.841499999999996,29.504250149665456
599.0,33.841499999999996,29.504250149665456
601.04,34.163799999999995,29.601694165896586
601.04,34.163799999999995,29.601694165896586
602.0,34.163799999999995,29.647539523115142
602.0,34.163799999999995,29.647539523115142
603.0,34.163799999999995,29.695287839748108
603.0,34.163799999999995,29.695287839748108
604.03,34.163799999999995,29.74446084452078
604.03,34.163799999999995,29.74446084452078
605.05,34.163799999999995,29.79314866706343
605.05,34.163799999999995,29.79314866706343
606.0,34.163799999999995,29.838488198977153
606.0,34.163799999999995,29.838488198977153
608.04,34.163799999999995,29.935826114459946
608.04,34.4861,29.935826114459946
609.03,34.163799999999995,29.983052413717225
609.03,34.163799999999995,29.983052413717225
611.02,34.163799999999995,30.077959808085637
611.02,34.163799999999995,30.077959808085637
612.02,34.4861,30.125640730304237
612.02,34.4861,30.125640730304237
614.01,34.4861,30.22050334749682
614.01,34.4861,30.22050334749682
615.03,34.4861,30.269114805556434
615.03,34.4861,30.269114805556434
616.02,34.4861,30.316288985904343
616.02,34.4861,30.316288985904343
617.01,34.4861,30.363455738003697
617.01,34.4861,30.363455738003697
618.01,34.4861,30.41109136899347
618.01,34.4861,30.41109136899347
619.06,34.4861,30.461100598835046
619.06,34.4861,30.461100598835046
621.0,34.4861,30.55347650762173
621.0,34.8084,30.55347650762173
622.05,34.8084,30.603461793054894
622.05,34.4861,30.603461793054894
623.04,34.8084,30.650583050859876
623.04,34.8084,30.650583050859876
624.06,34.8084,30.699124370468066
624.06,34.8084,30.699124370468066
625.01,34.8084,30.744327241627804
625.01,34.8084,30.744327241627804
627.04,34.8084,30.84089537895866
627.04,34.8084,30.84089537895866
628.04,34.8084,30.888454215155647
628.04,34.8084,30.888454215155647
630.06,34.8084,30.984499497954854
630.06,34.8084,30.984499497954854
631.04,34.8084,31.03108434351706
631.04,34.8084,31.03108434351706
633.01,34.8084,31.124706836671933
633.01,34.8084,31.124706836671933
634.04,35.1307,31.173644651951786
634.04,34.8084,31.173644651951786
635.01,35.1307,31.21972416133223
635.01,35.1307,31.21972416133223
636.05,35.1307,31.26912083812851
636.05,35.1307,31.26912083812851
637.01,35.1307,31.31471026627096
637.01,35.1307,31.31471026627096
639.02,35.1307,31.410139751615528
639.02,35.1307,31.410139751615528
640.0,35.1307,31.456656061611778
640.0,35.1307,31.456656061611778
642.0,35.1307,31.55156385927271
642.0,35.1307,31.55156385927271
643.06,35.1307,31.60185220547983
643.06,35.452999999999996,31.60185220547983
645.0,35.452999999999996,31.693866366936746
645.0,35.452999999999996,31.693866366936746
646.0,35.1307,31.74128470503465
646.0,35.452999999999996,31.74128470503465
647.01,35.452999999999996,31.78916917172584
647.01,35.452999999999996,31.78916917172584
648.07,35.452999999999996,31.83941543737917
648.07,35.452999999999996,31.83941543737917
649.1,35.452999999999996,31.88823107144927
649.1,35.452999999999996,31.88823107144927
651.0,35.452999999999996,31.97825712868682
651.0,35.452999999999996,31.97825712868682
652.01,35.452999999999996,32.02610134218104
652.01,35.452999999999996,32.02610134218104
653.01,35.452999999999996,32.07346380407303
653.01,35.452999999999996,32.07346380407303
654.01,35.452999999999996,32.120818247599246
654.01,35.452999999999996,32.120818247599246
655.06,35.775299999999994,32.17053177058196
655.06,35.452999999999996,32.17053177058196
657.01,35.452999999999996,32.26283334960711
657.01,35.775299999999994,32.26283334960711
658.05,35.452999999999996,32.31204832343798
658.05,35.775299999999994,32.31204832343798
660.0,35.775299999999994,32.40430283948684
660.0,35.775299999999994,32.40430283948684
661.01,35.775299999999994,32.4520738438508
661.01,35.775299999999994,32.4520738438508
663.04,35.775299999999994,32.54806378688774
663.04,35.775299999999994,32.54806378688774
664.04,35.775299999999994,32.5953371516823
664.04,35.775299999999994,32.5953371516823
666.05,36.0976,32.69033195225462
666.05,35.775299999999994,32.69033195225462
667.0,35.775299999999994,32.73521850754381
667.0,35.775299999999994,32.73521850754381
669.03,36.0976,32.83110922243251
669.03,36.0976,32.83110922243251
670.04,36.0976,32.87880580143406
670.04,36.0976,32.87880580143406
672.03,36.0976,32.97275768204942
672.03,36.0976,32.97275768204942
673.01,36.0976,33.01901345182152
673.01,36.0976,33.01901345182152
675.0,36.0976,33.11291657854629
675.0,36.0976,33.11291657854629
676.01,36.0976,33.16056341874255
676.01,36.0976,33.16056341874255
678.03,36.0976,33.255831716668574
678.03,36.4199,33.255831716668574
679.01,36.0976,33.30203877440987
679.01,36.4199,33.30203877440987
680.01,36.4199,33.34918059099734
680.01,36.0976,33.34918059099734
681.0,36.4199,33.395842776805225
681.0,36.4199,33.395842776805225
682.0,36.4199,33.442967990568484
682.0,36.4199,33.442967990568484
684.02,36.4199,33.53813540821972
684.02,36.4199,33.53813540821972
685.02,36.4199,33.58523533661589
685.02,36.4199,33.58523533661589
686.05,36.4199,33.63373948481997
686.05,36.4199,33.63373948481997
687.05,36.4199,33.68082235640162
687.05,36.4199,33.68082235640162
688.0,36.7422,33.72554328537061
688.0,36.4199,33.72554328537061
690.05,36.4199,33.82202040284175
690.05,36.4199,33.82202040284175
691.02,36.7422,33.86765817253379
691.02,36.7422,33.86765817253379
692.01,36.7422,33.914228712491536
692.01,36.7422,33.914228712491536
693.06,36.7422,33.963612628629996
693.06,36.7422,33.963612628629996
694.1,36.7422,34.01251699388686
694.1,36.7422,34.01251699388686
696.02,36.7422,34.10277780361085
696.02,36.7422,34.10277780361085
697.06,36.7422,34.15165595810195
697.06,36.7422,34.15165595810195
699.01,36.7422,34.24327759723141
699.01,36.7422,34.24327759723141
700.02,36.7422,34.290720116543476
700.02,36.7422,34.290720116543476
702.03,37.064499999999995,34.38510939643461
702.03,37.064499999999995,34.38510939643461
703.02,37.064499999999995,34.43158687922441
703.02,37.064499999999995,34.43158687922441
704.0,37.064499999999995,34.47758658332631
704.0,37.064499999999995,34.47758658332631
705.04,37.064499999999995,34.52639354178206
705.04,37.064499999999995,34.52639354178206
706.0,37.064499999999995,34.57143783278419
706.0,37.064499999999995,34.57143783278419
707.08,37.064499999999995,34.62210313867098
707.08,37.064499999999995,34.62210313867098
709.01,37.064499999999995,34.71261876586091
709.01,37.064499999999995,34.71261876586091
710.02,37.064499999999995,34.75997416832928
710.02,37.064499999999995,34.75997416832928
711.05,37.064499999999995,34.808258171750495
711.05,37.064499999999995,34.808258171750495
712.05,37.064499999999995,34.855127012498585
712.05,37.386799999999994,34.855127012498585
713.01,37.386799999999994,34.90011290183803
713.01,37.386799999999994,34.90011290183803
715.01,37.386799999999994,34.99380766652642
715.01,37.386799999999994,34.99380766652642
716.01,37.386799999999994,35.0406419320484
716.01,37.386799999999994,35.0406419320484
718.0,37.386799999999994,35.133816047029285
718.0,37.386799999999994,35.133816047029285
719.02,37.386799999999994,35.18156015593181
719.02,37.386799999999994,35.18156015593181
720.05,37.386799999999994,35.22976305855938
720.05,37.386799999999994,35.22976305855938
721.02,37.386799999999994,35.275149482121144
721.02,37.386799999999994,35.275149482121144
722.06,37.386799999999994,35.32380199691811
722.06,37.386799999999994,35.32380199691811
724.04,37.386799999999994,35.41640248635994
724.04,37.7091,35.41640248635994
725.06,37.7091,35.46409222774987
725.06,37.7091,35.46409222774987
727.01,37.7091,35.55523810789537
727.01,37.7091,35.55523810789537
728.01,37.7091,35.60196647935682
728.01,37.7091,35.60196647935682
729.01,37.7091,35.64868595032682
729.01,37.7091,35.64868595032682
730.04,37.7091,35.69679768807436
730.04,37.7091,35.69679768807436
731.03,37.7091,35.74303208567085
731.03,37.7091,35.74303208567085
733.04,37.7091,35.83687496993923
733.04,37.7091,35.83687496993923
734.0,37.7091,35.88168268553916
734.0,37.7091,35.88168268553916
735.01,38.0314,35.92881521191032
735.01,38.0314,35.92881521191032
736.01,38.0314,35.97547205252897
736.01,38.0314,35.97547205252897
737.02,38.0314,36.02258633228882
737.02,38.0314,36.02258633228882
739.0,38.0314,36.11492231096544
739.0,38.0314,36.11492231096544
740.04,38.0314,36.16340784395498
740.04,38.0314,36.16340784395498
742.02,38.0314,36.25568979819924
742.02,38.0314,36.25568979819924
743.01,38.0314,36.301817455648354
743.01,38.0314,36.301817455648354
745.0,38.353699999999996,36.39451178534057
745.0,38.0314,36.39451178534057
746.04,38.0314,36.442940723131144
746.04,38.353699999999996,36.442940723131144
747.0,38.0314,36.48763561200716
747.0,38.353699999999996,36.48763561200716
748.04,38.353699999999996,36.53604558784834
748.04,38.353699999999996,36.53604558784834
749.12,38.353699999999996,36.58630702904367
749.12,38.353699999999996,36.58630702904367
751.01,38.353699999999996,36.67423887108154
751.01,38.353699999999996,36.67423887108154
752.0,38.353699999999996,36.7202853416626
752.0,38.353699999999996,36.7202853416626
753.04,38.353699999999996,36.76864770087828
753.04,38.353699999999996,36.76864770087828
754.0,38.353699999999996,36.813281054438164
754.0,38.353699999999996,36.813281054438164
755.08,38.675999999999995,36.86348343830353
755.08,38.353699999999996,36.86348343830353
757.04,38.353699999999996,36.95456400220616
757.04,38.353699999999996,36.95456400220616
758.02,38.353699999999996,37.00009098043812
758.02,38.353699999999996,37.00009098043812
760.0,38.675999999999995,37.09204694129827
760.0,38.675999999999995,37.09204694129827
761.04,38.675999999999995,37.14033248532731
761.04,38.675999999999995,37.14033248532731
762.02,38.675999999999995,37.18582313474783
762.02,38.675999999999995,37.18582313474783
763.08,38.675999999999995,37.23501725490768
763.08,38.675999999999995,37.23501725490768
764.01,38.675999999999995,37.27816952052542
764.01,38.675999999999995,37.27816952052542
766.0,38.675999999999995,37.370478999986275
766.0,38.675999999999995,37.370478999986275
767.06,38.675999999999995,37.41963377693414
767.06,38.675999999999995,37.41963377693414
769.0,38.9983,37.509569060558185
769.0,38.675999999999995,37.509569060558185
770.0,38.9983,37.55591367475012
770.0,38.9983,37.55591367475012
772.01,38.9983,37.649037935350016
772.01,38.9983,37.649037935350016
773.04,38.9983,37.696743597687686
773.04,38.9983,37.696743597687686
774.02,38.9983,37.742124169483574
774.02,38.9983,37.742124169483574
775.01,38.9983,37.78795860724307
775.01,38.9983,37.78795860724307
776.04,38.9983,37.83563511361403
776.04,38.9983,37.83563511361403
778.05,38.9983,37.92864482243856
778.05,38.9983,37.92864482243856
779.01,39.3206,37.97305385793964
779.01,38.9983,37.97305385793964
781.05,38.9983,38.067393996256556
781.05,39.3206,38.067393996256556
782.01,39.3206,38.111775657195686
782.01,39.3206,38.111775657195686
784.0,39.3206,38.20374716330874
784.0,39.3206,38.20374716330874
785.0,39.3206,38.24994972760097
785.0,39.3206,38.24994972760097
786.02,39.3206,38.29706649182537
786.02,39.3206,38.29706649182537
787.0,39.3206,38.342326157175464
787.0,39.3206,38.342326157175464
788.01,39.3206,38.38896168933926
788.01,39.3206,38.38896168933926
790.01,39.3206,38.48128037862567
790.01,39.3206,38.48128037862567
791.03,39.3206,38.528348098750506
791.03,39.6429,38.528348098750506
793.0,39.6429,38.6192250226473
793.0,39.6429,38.6192250226473
794.04,39.6429,38.667185551490654
794.04,39.6429,38.667185551490654
796.0,39.6429,38.75754427123008
796.0,39.6429,38.75754427123008
797.0,39.6429,38.803631324019
797.0,39.6429,38.803631324019
799.03,39.6429,38.897158194360834
799.03,39.6429,38.897158194360834
800.01,39.6429,38.94229476087527
800.01,39.6429,38.94229476087527
802.01,39.6429,39.034381179068504
802.01,39.6429,39.034381179068504
803.0,39.6429,39.079949518600515
803.0,39.965199999999996,39.079949518600515
804.01,39.965199999999996,39.126428562883795
804.01,39.965199999999996,39.126428562883795
805.02,39.965199999999996,39.172897628949855
805.02,39.965199999999996,39.172897628949855
806.06,39.6429,39.22073652460541
806.06,39.965199999999996,39.22073652460541
807.01,39.965199999999996,39.2644262478052
807.01,39.965199999999996,39.2644262478052
809.0,39.965199999999996,39.355915993900155
809.0,39.965199999999996,39.355915993900155
810.03,39.965199999999996,39.40325468624103
810.03,39.965199999999996,39.40325468624103
812.03,39.965199999999996,39.49514461797515
812.03,39.965199999999996,39.49514461797515
813.04,39.965199999999996,39.541534030613626
813.04,39.965199999999996,39.541534030613626
815.02,40.287499999999994,39.632446378719
815.02,39.965199999999996,39.632446378719
816.0,40.287499999999994,39.6774290343227
816.0,40.287499999999994,39.6774290343227
818.0,40.287499999999994,39.76920080098124
818.0,40.287499999999994,39.76920080098124
819.0,40.287499999999994,39.81507177659564
819.0,40.287499999999994,39.81507177659564
820.02,40.287499999999994,39.86184991727204
820.02,40.287499999999994,39.86184991727204
821.0,40.287499999999994,39.90678385505596
821.0,40.287499999999994,39.90678385505596
822.05,40.287499999999994,39.954916726875915
822.05,40.287499999999994,39.954916726875915
823.01,40.287499999999994,39.998914287174415
823.01,40.287499999999994,39.998914287174415
825.01,40.287499999999994,40.09054626017899
825.01,40.6098,40.09054626017899
826.01,40.287499999999994,40.13634721845312
826.01,40.287499999999994,40.13634721845312
827.01,40.287499999999994,40.18213814264065
827.01,40.287499999999994,40.18213814264065
828.0,40.6098,40.2274612622703
828.0,40.6098,40.2274612622703
829.02,40.6098,40.274147500357785
829.02,40.6098,40.274147500357785
831.0,40.6098,40.36474381280688
831.0,40.6098,40.36474381280688
832.06,40.6098,40.41322861569944
832.06,40.6098,40.41322861569944
833.0,40.6098,40.456215076302904
833.0,40.6098,40.456215076302904
834.06,40.6098,40.50467844879344
834.06,40.6098,40.50467844879344
835.03,40.6098,40.54901703725604
835.03,40.6098,40.54901703725604
837.04,40.9321,40.6408635342082
837.04,40.6098,40.6408635342082
838.0,40.9321,40.68471603912298
838.0,40.9321,40.68471603912298
839.08,40.9321,40.73403890207841
839.08,40.6098,40.73403890207841
840.03,40.9321,40.777414934780126
840.03,40.9321,40.777414934780126
841.01,40.9321,40.82215109602751
841.01,40.6098,40.82215109602751
846.0,40.9321,41.04978808509461
846.0,40.9321,41.04978808509461
847.01,40.9321,41.09583185714684
847.01,40.9321,41.09583185714684
848.0,40.9321,41.140953700193684
848.0,40.9321,41.140953700193684
849.0,41.2544,41.1865210855831
849.0,41.2544,41.1865210855831
850.05,40.9321,41.234355758289595
850.05,41.2544,41.234355758289595
851.0,41.2544,41.277624955082516
851.0,41.2544,41.277624955082516
852.05,41.2544,41.32543796839461
852.05,41.2544,41.32543796839461
853.04,41.2544,41.370508377140744
853.04,41.2544,41.370508377140744
854.0,41.2544,41.414203335332616
854.0,41.2544,41.414203335332616
855.04,41.2544,41.461528772032295
855.04,41.2544,41.461528772032295
857.01,41.2544,41.55114332813983
857.01,41.2544,41.55114332813983
858.01,41.2544,41.596617530127645
858.01,41.2544,41.596617530127645
860.03,41.576699999999995,41.68844368685574
860.03,41.2544,41.68844368685574
861.02,41.576699999999995,41.73343207274024
861.02,41.576699999999995,41.73343207274024
863.0,41.576699999999995,41.82337815628651
863.0,41.576699999999995,41.82337815628651
864.0,41.576699999999995,41.86878989752795
864.0,41.576699999999995,41.86878989752795
865.04,41.576699999999995,41.91600700465565
865.04,41.576699999999995,41.91600700465565
866.03,41.576699999999995,41.96094352892143
866.03,41.576699999999995,41.96094352892143
867.09,41.576699999999995,42.00904598525713
867.09,41.576699999999995,42.00904598525713
869.03,41.576699999999995,42.09705198502463
869.03,41.576699999999995,42.09705198502463
870.0,41.576699999999995,42.141040136664806
870.0,41.576699999999995,42.141040136664806
871.0,41.898999999999994,42.18637836926055
871.0,41.576699999999995,42.18637836926055
872.02,41.576699999999995,42.23261250132886
872.02,41.898999999999994,42.23261250132886
873.01,41.898999999999994,42.2774763012619
873.01,41.898999999999994,42.2774763012619
875.04,41.898999999999994,42.369437339287
875.04,41.898999999999994,42.369437339287
876.01,41.898999999999994,42.413363907060756
876.01,41.898999999999994,42.413363907060756
878.05,41.898999999999994,42.50571298797871
878.05,41.898999999999994,42.50571298797871
879.01,41.898999999999994,42.54915608280872
879.01,41.898999999999994,42.54915608280872
881.03,41.898999999999994,42.6405355667065
881.03,41.898999999999994,42.6405355667065
882.03,41.898999999999994,42.685756843976414
882.03,41.898999999999994,42.685756843976414
883.04,41.898999999999994,42.73141950193663
883.04,41.898999999999994,42.73141950193663
884.02,42.2213,42.77571542658241
884.02,41.898999999999994,42.77571542658241
885.05,42.2213,42.822260277368414
885.05,42.2213,42.822260277368414
887.0,42.2213,42.91034805455086
887.0,42.2213,42.91034805455086
888.06,42.2213,42.95821455838787
888.06,42.2213,42.95821455838787
889.05,42.2213,43.00290916899394
889.05,42.2213,43.00290916899394
890.04,42.2213,43.04759324281239
890.04,42.2213,43.04759324281239
891.07,42.2213,43.09407153799577
891.07,42.2213,43.09407153799577
893.04,42.2213,43.18293507191642
893.04,42.2213,43.18293507191642
894.06,42.2213,43.22892917565744
894.06,42.2213,43.22892917565744
896.0,42.2213,43.316377117634254
896.0,42.5436,43.316377117634254
897.01,42.2213,43.36188801153354
897.01,42.5436,43.36188801153354
898.03,42.5436,43.407838285163415
898.03,42.5436,43.407838285163415
899.04,42.5436,43.45332694106694
899.04,42.5436,43.45332694106694
900.0,42.5436,43.496553411123024
900.0,42.5436,43.496553411123024
902.01,42.5436,43.58702636337444
902.01,42.5436,43.58702636337444
903.04,42.5436,43.63337107076852
903.04,42.5436,43.63337107076852
905.01,42.5436,43.72197870345257
905.01,42.5436,43.72197870345257
906.04,42.5436,43.76828966984224
906.04,42.5436,43.76828966984224
907.05,42.865899999999996,43.81369012172052
907.05,42.865899999999996,43.81369012172052
908.06,42.865899999999996,43.85907940001271
908.06,42.865899999999996,43.85907940001271
909.05,42.865899999999996,43.903559025667185
909.05,42.865899999999996,43.903559025667185
911.01,42.865899999999996,43.99158795688655
911.01,42.865899999999996,43.99158795688655
912.01,42.865899999999996,44.036484405326256
912.01,42.865899999999996,44.036484405326256
914.0,42.865899999999996,44.12579557401946
914.0,42.865899999999996,44.12579557401946
915.02,42.865899999999996,44.17155622916429
915.02,42.865899999999996,44.17155622916429
917.02,42.865899999999996,44.26124964337177
917.02,42.865899999999996,44.26124964337177
918.0,42.865899999999996,44.30518326433013
918.0,43.188199999999995,44.30518326433013
919.02,43.188199999999995,44.3508987963333
919.02,43.188199999999995,44.3508987963333
920.01,42.865899999999996,44.3952587222458
920.01,43.188199999999995,44.3952587222458
921.06,43.188199999999995,44.44229524144645
921.06,42.865899999999996,44.44229524144645
923.0,43.188199999999995,44.52916857662519
923.0,43.188199999999995,44.52916857662519
924.04,43.188199999999995,44.575722603696335
924.04,43.188199999999995,44.575722603696335
926.01,43.188199999999995,44.66387362384108
926.01,43.188199999999995,44.66387362384108
927.01,43.188199999999995,44.70860375848234
927.01,43.188199999999995,44.70860375848234
929.04,43.188199999999995,44.79937154523124
929.04,43.188199999999995,44.79937154523124
930.03,43.51049999999999,44.843620871867046
930.03,43.188199999999995,44.843620871867046
931.01,43.51049999999999,44.887412413756905
931.01,43.51049999999999,44.887412413756905
932.05,43.51049999999999,44.93387328278743
932.05,43.51049999999999,44.93387328278743
933.07,43.51049999999999,44.97942887176405
933.07,43.51049999999999,44.97942887176405
935.04,43.51049999999999,45.067380557566615
935.04,43.51049999999999,45.067380557566615
936.02,43.51049999999999,45.111116891938124
936.02,43.51049999999999,45.111116891938124
938.0,43.51049999999999,45.199449079634384
938.0,43.51049999999999,45.199449079634384
939.02,43.51049999999999,45.244936256633714
939.02,43.51049999999999,45.244936256633714
940.01,43.51049999999999,45.28907432148482
940.01,43.51049999999999,45.28907432148482
941.03,43.51049999999999,45.33453829688111
941.03,43.8328,45.33453829688111
942.08,43.8328,45.381327131076155
942.08,43.8328,45.381327131076155
944.01,43.8328,45.46729682924147
944.01,43.8328,45.46729682924147
945.03,43.8328,45.51271449569722
945.03,43.8328,45.51271449569722
946.05,43.8328,45.55812032429616
946.05,43.8328,45.55812032429616
947.0,43.8328,45.60039940910913
947.0,43.8328,45.60039940910913
948.01,43.8328,45.645337467871435
948.01,43.8328,45.645337467871435
950.02,43.8328,45.73473400833046
950.02,43.8328,45.73473400833046
951.0,43.8328,45.77830363539355
951.0,44.1551,45.77830363539355
952.01,43.8328,45.823195525212384
952.01,44.1551,45.823195525212384
953.04,43.8328,45.868964327804605
953.04,43.8328,45.868964327804605
954.04,44.1551,45.91338841933996
954.04,44.1551,45.91338841933996
956.0,44.1551,46.000426332054076
956.0,44.1551,46.000426332054076
957.02,44.1551,46.0457040997685
957.02,44.1551,46.0457040997685
959.0,44.1551,46.13356203761766
959.0,44.1551,46.13356203761766
960.0,44.1551,46.17791755414829
960.0,44.1551,46.17791755414829
962.01,44.1551,46.26703720845787
962.01,44.1551,46.26703720845787
963.05,44.477399999999996,46.31313053119284
963.05,44.1551,46.31313053119284
965.05,44.477399999999996,46.4017363276981
965.05,44.477399999999996,46.4017363276981
966.01,44.477399999999996,46.444250633578775
966.01,44.477399999999996,46.444250633578775
967.01,44.477399999999996,46.48852498988531
967.01,44.477399999999996,46.48852498988531
968.05,44.477399999999996,46.53455799153102
968.05,44.477399999999996,46.53455799153102
969.07,44.477399999999996,46.57969352092118
969.07,44.477399999999996,46.57969352092118
971.0,44.477399999999996,46.66506386287526
971.0,44.477399999999996,46.66506386287526
972.05,44.477399999999996,46.71149062076685
972.05,44.477399999999996,46.71149062076685
974.04,44.477399999999996,46.799445047259205
974.04,44.477399999999996,46.799445047259205
975.11,44.477399999999996,46.84671797752966
975.11,44.477399999999996,46.84671797752966
977.04,44.799699999999994,46.93195205877596
977.04,44.477399999999996,46.93195205877596
978.02,44.799699999999994,46.97521481536241
978.02,44.477399999999996,46.97521481536241
980.04,44.799699999999994,47.06435347342039
980.04,44.799699999999994,47.06435347342039
981.04,44.799699999999994,47.10846376083395
981.04,44.799699999999994,47.10846376083395
983.0,44.799699999999994,47.19488575087361
983.0,44.799699999999994,47.19488575087361
984.02,44.799699999999994,47.23984253352804
984.02,44.799699999999994,47.23984253352804
985.02,44.799699999999994,47.28390588265443
985.02,44.799699999999994,47.28390588265443
986.0,44.799699999999994,47.32707649615839
986.0,44.799699999999994,47.32707649615839
987.06,44.799699999999994,47.37375844855098
987.06,44.799699999999994,47.37375844855098
988.06,44.799699999999994,47.41778582776408
988.06,44.799699999999994,47.41778582776408
990.0,45.122,47.50316512709508
990.0,45.122,47.50316512709508
991.03,45.122,47.54847721413504
991.03,45.122,47.54847721413504
993.01,45.122,47.63554657001242
993.01,45.122,47.63554657001242
994.0,45.122,47.6790637454346
994.0,45.122,47.6790637454346
996.05,45.122,47.76913791419296
996.05,45.122,47.76913791419296
997.0,45.122,47.81086259013777
997.0,45.122,47.81086259013777
998.05,45.122,47.85696678649926
998.05,45.122,47.85696678649926
999.0,45.4443,47.89866874133497
999.0,45.122,47.89866874133497
1000.04,45.122,47.944309015955454
1000.04,45.4443,47.944309015955454
