Time,T1,Q1
0.0,20.949499999999997,0.0
0.0,20.949499999999997,0.0
1.0,20.949499999999997,0.0
1.0,20.949499999999997,0.0
2.0,20.6272,0.0
2.0,20.949499999999997,0.0
3.0,20.949499999999997,65.02878401571168
3.0,20.949499999999997,65.02878401571168
5.0,20.949499999999997,0.0
5.0,20.949499999999997,0.0
6.0,20.949499999999997,0.0
6.0,20.949499999999997,0.0
7.0,20.949499999999997,0.0
7.0,20.949499999999997,0.0
8.01,20.949499999999997,71.08489527760914
8.01,20.949499999999997,71.08489527760914
9.0,20.949499999999997,85.09035245341184
9.0,20.949499999999997,85.09035245341184
11.0,20.949499999999997,0.0
11.0,20.949499999999997,0.0
12.03,21.2718,0.0
12.03,21.2718,0.0
14.0,21.2718,77.3890681557889
14.0,21.2718,77.3890681557889
15.0,21.2718,0.0
15.0,21.2718,0.0
16.0,21.594099999999997,0.0
16.0,21.594099999999997,0.0
17.0,21.594099999999997,0.0
17.0,21.594099999999997,0.0
18.01,21.594099999999997,87.04850534570379
18.01,21.594099999999997,87.04850534570379
20.05,21.594099999999997,0.0
20.05,21.594099999999997,0.0
21.02,21.9164,0.0
21.02,21.9164,0.0
23.0,21.9164,94.54353340247704
23.0,21.9164,94.54353340247704
24.0,21.9164,58.06111842123143
24.0,21.9164,58.06111842123143
26.0,22.238699999999998,0.0
26.0,22.238699999999998,0.0
27.0,22.238699999999998,8.836868610400144
27.0,22.238699999999998,8.836868610400144
29.04,22.561,63.4017945236295
29.04,22.561,63.4017945236295
30.0,22.561,0.0
30.0,22.561,0.0
31.02,22.8833,0.0
31.02,22.561,0.0
33.0,22.8833,99.77972794498908
33.0,22.8833,99.77972794498908
34.0,22.8833,34.66494554970303
34.0,22.8833,34.66494554970303
35.0,23.205599999999997,0.0
35.0,23.205599999999997,0.0
36.0,23.205599999999997,0.0
36.0,23.205599999999997,0.0
37.05,23.205599999999997,10.377936643893754
37.05,23.205599999999997,10.377936643893754
38.05,23.5279,98.31846947694972
38.05,23.5279,98.31846947694972
40.05,23.5279,0.0
40.05,23.5279,0.0
41.03,23.5279,0.0
41.03,23.5279,0.0
43.0,23.850199999999997,98.02456219572225
43.0,23.850199999999997,98.02456219572225
44.01,23.850199999999997,13.807174647849527
44.01,23.850199999999997,13.807174647849527
46.0,24.1725,0.0
46.0,24.1725,0.0
47.0,24.1725,58.05866409896447
47.0,24.494799999999998,58.05866409896447
48.0,24.494799999999998,94.54451549211169
48.0,24.1725,94.54451549211169
49.0,24.494799999999998,0.0
49.0,24.494799999999998,0.0
50.0,24.494799999999998,0.0
50.0,24.494799999999998,0.0
51.0,24.817099999999996,0.0
51.0,24.494799999999998,0.0
53.01,24.817099999999996,91.5285890376812
53.01,24.817099999999996,91.5285890376812
54.0,25.1394,0.0
54.0,25.1394,0.0
55.0,25.1394,0.0
55.0,25.1394,0.0
56.0,25.1394,0.0
56.0,25.1394,0.0
57.08,25.1394,46.61477374817796
57.08,25.1394,46.61477374817796
59.0,25.461699999999997,0.0
59.0,25.461699999999997,0.0
60.06,25.461699999999997,0.0
60.06,25.461699999999997,0.0
62.03,25.784,76.2826167115594
62.03,25.461699999999997,76.2826167115594
63.0,25.784,74.51332645574126
63.0,25.784,74.51332645574126
65.0,25.784,0.0
65.0,25.784,0.0
66.05,25.784,0.0
66.05,25.784,0.0
67.01,26.106299999999997,89.13950426115493
67.01,26.106299999999997,89.13950426115493
68.04,26.106299999999997,78.82706164198963
68.04,26.106299999999997,78.82706164198963
69.01,26.4286,0.0
69.01,26.106299999999997,0.0
71.0,26.4286,0.0
71.0,26.4286,0.0
72.0,26.4286,95.89157234143066
72.0,26.4286,95.89157234143066
73.0,26.4286,54.40464039108651
73.0,26.750899999999998,54.40464039108651
74.0,26.750899999999998,0.0
74.0,26.750899999999998,0.0
75.0,26.750899999999998,0.0
75.0,26.750899999999998,0.0
77.0,27.073199999999996,98.80269738337468
77.0,26.750899999999998,98.80269738337468
78.0,27.073199999999996,42.82099105187685
78.0,27.073199999999996,42.82099105187685
79.0,27.073199999999996,0.0
79.0,27.073199999999996,0.0
80.0,27.073199999999996,0.0
80.0,27.073199999999996,0.0
81.01,27.3955,21.378930566683735
81.01,27.3955,21.378930566683735
83.01,27.3955,35.205871136982516
83.01,27.3955,35.205871136982516
84.0,27.3955,0.0
84.0,27.3955,0.0
86.0,27.717799999999997,38.77538496372612
86.0,27.717799999999997,38.77538496372612
87.0,27.717799999999997,99.38919810238954
87.0,27.717799999999997,99.38919810238954
89.0,27.717799999999997,0.0
89.0,27.717799999999997,0.0
90.0,28.0401,0.0
90.0,28.0401,0.0
91.01,28.0401,46.26081103755783
91.01,28.0401,46.26081103755783
92.04,28.0401,99.90616730834049
92.04,28.0401,99.90616730834049
93.0,28.362399999999997,4.427279290137974
93.0,28.0401,4.427279290137974
95.0,28.362399999999997,0.0
95.0,28.362399999999997,0.0
96.01,28.362399999999997,57.58766082378263
96.01,28.362399999999997,57.58766082378263
97.01,28.6847,94.73101317247436
97.01,28.6847,94.73101317247436
98.01,28.6847,0.0
98.01,28.6847,0.0
99.01,28.6847,0.0
99.01,28.6847,0.0
100.01,28.6847,0.0
100.01,28.6847,0.0
102.0,29.006999999999998,87.33266675417377
102.0,29.006999999999998,87.33266675417377
103.0,29.006999999999998,0.0
103.0,29.006999999999998,0.0
104.01,29.006999999999998,0.0
104.01,29.006999999999998,0.0
106.0,29.329299999999996,80.11165538942744
106.0,29.329299999999996,80.11165538942744
107.04,29.329299999999996,90.40914657280663
107.04,29.329299999999996,90.40914657280663
109.0,29.329299999999996,0.0
109.0,29.329299999999996,0.0
110.0,29.6516,0.0
110.0,29.329299999999996,0.0
111.0,29.6516,87.3282610859792
111.0,29.6516,87.3282610859792
112.01,29.6516,74.89709434915662
112.01,29.6516,74.89709434915662
113.0,29.6516,0.0
113.0,29.6516,0.0
115.01,29.973899999999997,0.0
115.01,29.973899999999997,0.0
116.01,29.973899999999997,91.05617242907728
116.01,29.973899999999997,91.05617242907728
118.01,29.973899999999997,0.0
118.01,30.2962,0.0
119.04,30.2962,0.0
119.04,30.2962,0.0
120.04,30.2962,0.0
120.04,30.2962,0.0
121.0,30.2962,97.05207546642247
121.0,30.2962,97.05207546642247
122.01,30.618499999999997,54.888119314686776
122.01,30.618499999999997,54.888119314686776
124.0,30.618499999999997,0.0
124.0,30.618499999999997,0.0
125.0,30.618499999999997,17.601627283386595
125.0,30.618499999999997,17.601627283386595
127.03,30.940799999999996,52.1223506548427
127.03,30.940799999999996,52.1223506548427
128.05,30.940799999999996,0.0
128.05,30.940799999999996,0.0
129.0,31.263099999999998,0.0
129.0,30.940799999999996,0.0
130.0,30.940799999999996,30.47532008014393
130.0,31.263099999999998,30.47532008014393
131.0,31.263099999999998,99.9756505535219
131.0,31.263099999999998,99.9756505535219
133.0,31.263099999999998,0.0
133.0,31.263099999999998,0.0
134.04,31.263099999999998,0.0
134.04,31.263099999999998,0.0
135.0,31.585399999999996,42.8128186283695
135.0,31.585399999999996,42.8128186283695
136.06,31.585399999999996,98.94783624268851
136.06,31.585399999999996,98.94783624268851
137.0,31.585399999999996,13.241150819283803
137.0,31.585399999999996,13.241150819283803
139.03,31.585399999999996,0.0
139.03,31.585399999999996,0.0
140.0,31.9077,54.39705233633756
140.0,31.9077,54.39705233633756
141.02,31.9077,98.2463855428397
141.02,31.9077,98.2463855428397
142.07,31.9077,34.29544403981547
142.07,31.9077,34.29544403981547
143.06,32.23,0.0
143.06,32.23,0.0
145.04,32.23,48.63460114972008
145.04,32.23,48.63460114972008
146.04,32.23,97.58336934992006
146.04,32.23,97.58336934992006
148.04,32.552299999999995,0.0
148.04,32.552299999999995,0.0
149.05,32.552299999999995,0.0
149.05,32.552299999999995,0.0
151.02,32.552299999999995,89.91236298293123
151.02,32.8746,89.91236298293123
152.04,32.8746,0.0
152.04,32.8746,0.0
153.1,32.8746,0.0
153.1,32.8746,0.0
154.01,32.8746,0.0
154.01,32.8746,0.0
155.09,32.8746,49.9815231699199
155.09,32.8746,49.9815231699199
157.0,33.1969,0.0
157.0,33.1969,0.0
158.0,33.1969,0.0
158.0,33.1969,0.0
159.01,33.1969,0.0
159.01,33.1969,0.0
160.04,33.1969,78.71205806406614
160.04,33.1969,78.71205806406614
161.05,33.1969,84.27010524926773
161.05,33.1969,84.27010524926773
163.0,33.1969,0.0
163.0,33.1969,0.0
164.04,33.5192,0.0
164.04,33.5192,0.0
166.0,33.5192,58.066026907485835
166.0,33.5192,58.066026907485835
167.0,33.5192,0.0
167.0,33.5192,0.0
169.0,33.5192,8.830863309607146
169.0,33.5192,8.830863309607146
170.0,33.841499999999996,98.02277317343164
170.0,33.841499999999996,98.02277317343164
171.0,33.841499999999996,46.77984481747631
171.0,33.841499999999996,46.77984481747631
172.0,33.841499999999996,0.0
172.0,33.5192,0.0
173.0,33.841499999999996,0.0
173.0,33.841499999999996,0.0
174.01,33.841499999999996,17.033048397582583
174.01,33.841499999999996,17.033048397582583
175.0,33.841499999999996,99.77932782684323
175.0,33.841499999999996,99.77932782684323
176.01,33.841499999999996,39.31518670202528
176.01,33.841499999999996,39.31518670202528
178.01,34.163799999999995,0.0
178.01,34.163799999999995,0.0
179.0,34.163799999999995,34.656462834388776
179.0,34.163799999999995,34.656462834388776
181.02,34.163799999999995,31.581525978218195
181.02,34.163799999999995,31.581525978218195
182.0,34.163799999999995,0.0
182.0,34.163799999999995,0.0
183.0,34.163799999999995,0.0
183.0,34.163799999999995,0.0
184.05,34.163799999999995,23.44448879262541
184.05,34.163799999999995,23.44448879262541
185.03,34.4861,99.8797952603893
185.03,34.4861,99.8797952603893
187.0,34.4861,0.0
187.0,34.163799999999995,0.0
188.01,34.4861,0.0
188.01,34.4861,0.0
190.03,34.4861,98.35238755308174
190.03,34.4861,98.35238755308174
191.0,34.4861,0.0
191.0,34.4861,0.0
192.0,34.4861,0.0
192.0,34.4861,0.0
193.0,34.4861,0.0
193.0,34.4861,0.0
194.01,34.4861,64.58453073754255
194.01,34.4861,64.58453073754255
196.02,34.8084,0.0
196.02,34.4861,0.0
197.02,34.8084,0.0
197.02,34.8084,0.0
198.0,34.8084,0.0
198.0,34.8084,0.0
199.0,34.8084,77.38334053999245
199.0,34.8084,77.38334053999245
200.0,34.8084,82.68795405320026
200.0,34.8084,82.68795405320026
202.0,34.8084,0.0
202.0,34.8084,0.0
203.0,34.8084,0.0
203.0,34.8084,0.0
204.0,34.8084,85.08560145797973
204.0,35.1307,85.08560145797973
205.0,34.8084,74.51734706822545
205.0,34.8084,74.51734706822545
206.01,35.1307,0.0
206.01,35.1307,0.0
208.0,35.1307,0.0
208.0,35.1307,0.0
209.02,35.1307,86.75991350609402
209.02,35.1307,86.75991350609402
211.0,35.1307,0.0
211.0,35.1307,0.0
212.02,35.452999999999996,0.0
212.02,35.1307,0.0
213.04,35.452999999999996,0.0
213.04,35.452999999999996,0.0
214.0,35.452999999999996,95.88986183026019
214.0,35.452999999999996,95.88986183026019
215.07,35.452999999999996,79.88087808411719
215.07,35.452999999999996,79.88087808411719
217.0,35.452999999999996,0.0
217.0,35.452999999999996,0.0
218.03,35.452999999999996,0.0
218.03,35.452999999999996,0.0
220.03,35.775299999999994,55.84957323067904
220.03,35.452999999999996,55.84957323067904
221.02,35.775299999999994,0.0
221.02,35.775299999999994,0.0
222.0,35.775299999999994,0.0
222.0,35.775299999999994,0.0
223.0,35.775299999999994,26.22875878003373
223.0,35.775299999999994,26.22875878003373
224.01,35.775299999999994,99.7393341595864
224.01,35.775299999999994,99.7393341595864
225.01,35.775299999999994,35.21151396281459
225.01,35.775299999999994,35.21151396281459
227.0,35.775299999999994,0.0
227.0,35.775299999999994,0.0
228.05,36.0976,14.759208781932678
228.05,35.775299999999994,14.759208781932678
230.0,36.0976,17.61646394206257
230.0,35.775299999999994,17.61646394206257
231.01,36.0976,0.0
231.01,36.0976,0.0
233.05,36.0976,27.71959682922428
233.05,36.0976,27.71959682922428
234.01,36.0976,98.13826730877638
234.01,36.0976,98.13826730877638
236.04,36.0976,0.0
236.04,36.0976,0.0
237.05,36.0976,0.0
237.05,36.0976,0.0
238.0,36.0976,61.59692212359092
238.0,36.0976,61.59692212359092
239.05,36.4199,99.20719069142501
239.05,36.0976,99.20719069142501
240.02,36.4199,1.1606068125513835
240.02,36.4199,1.1606068125513835
242.04,36.4199,0.0
242.04,36.4199,0.0
243.06,36.4199,47.62252776516367
243.06,36.4199,47.62252776516367
244.01,36.4199,89.66085393650827
244.01,36.4199,89.66085393650827
245.0,36.4199,0.0
245.0,36.4199,0.0
246.0,36.4199,0.0
246.0,36.4199,0.0
248.0,36.4199,80.10804691428774
248.0,36.4199,80.10804691428774
249.01,36.4199,83.0112369167926
249.01,36.4199,83.0112369167926
250.02,36.7422,0.0
250.02,36.4199,0.0
251.01,36.4199,0.0
251.01,36.4199,0.0
252.0,36.4199,0.0
252.0,36.7422,0.0
254.03,36.7422,81.14143525072554
254.03,36.7422,81.14143525072554
255.0,36.7422,0.0
255.0,36.7422,0.0
257.0,36.7422,0.0
257.0,36.4199,0.0
258.05,36.7422,81.02512168392664
258.05,36.7422,81.02512168392664
260.01,36.7422,0.0
260.01,36.7422,0.0
261.0,36.7422,0.0
261.0,36.7422,0.0
263.0,36.7422,97.05062222633856
263.0,36.7422,97.05062222633856
264.0,36.7422,50.64696136076988
264.0,36.7422,50.64696136076988
265.01,36.7422,0.0
265.01,36.7422,0.0
266.05,36.7422,0.0
266.05,36.7422,0.0
267.01,36.7422,12.65376371178322
267.01,36.7422,12.65376371178322
269.0,36.7422,38.789277497415284
269.0,36.7422,38.789277497415284
270.0,36.7422,0.0
270.0,36.7422,0.0
271.01,36.7422,0.0
271.01,36.7422,0.0
272.0,36.7422,30.469577939296688
272.0,36.7422,30.469577939296688
273.0,36.7422,99.97578340779751
273.0,36.7422,99.97578340779751
275.02,36.7422,0.0
275.02,36.7422,0.0
276.01,36.7422,0.0
276.01,36.7422,0.0
277.01,36.7422,38.23703551155048
277.01,36.7422,38.23703551155048
278.0,36.7422,98.80502161512133
278.0,37.064499999999995,98.80502161512133
279.03,36.7422,27.9104867489605
279.03,37.064499999999995,27.9104867489605
281.03,37.064499999999995,0.0
281.03,36.7422,0.0
282.06,37.064499999999995,27.16445849677049
282.06,37.064499999999995,27.16445849677049
284.0,36.7422,0.012057741316403747
284.0,37.064499999999995,0.012057741316403747
285.0,37.064499999999995,0.0
285.0,37.064499999999995,0.0
286.0,37.064499999999995,0.0
286.0,37.064499999999995,0.0
287.01,37.064499999999995,61.14111688600232
287.01,37.064499999999995,61.14111688600232
288.02,37.064499999999995,94.91625166850982
288.02,37.064499999999995,94.91625166850982
290.01,37.064499999999995,0.0
290.01,37.064499999999995,0.0
291.0,37.064499999999995,0.0
291.0,37.064499999999995,0.0
292.01,37.064499999999995,71.07641401242057
292.01,37.064499999999995,71.07641401242057
293.0,37.064499999999995,85.09668603150023
293.0,37.064499999999995,85.09668603150023
294.01,37.064499999999995,0.0
294.01,37.064499999999995,0.0
296.03,37.386799999999994,0.0
296.03,37.064499999999995,0.0
297.01,37.064499999999995,79.761165966565
297.01,37.386799999999994,79.761165966565
298.0,37.386799999999994,77.39670399233398
298.0,37.386799999999994,77.39670399233398
299.03,37.064499999999995,0.0
299.03,37.386799999999994,0.0
300.0,37.386799999999994,0.0
300.0,37.386799999999994,0.0
302.0,37.386799999999994,89.39426295441483
302.0,37.386799999999994,89.39426295441483
303.0,37.386799999999994,68.33497522083253
303.0,37.386799999999994,68.33497522083253
304.01,37.386799999999994,0.0
304.01,37.386799999999994,0.0
305.0,37.386799999999994,0.0
305.0,37.386799999999994,0.0
306.05,37.386799999999994,0.0
306.05,37.386799999999994,0.0
308.01,37.386799999999994,62.06722056265336
308.01,37.386799999999994,62.06722056265336
309.08,37.386799999999994,0.0
309.08,37.386799999999994,0.0
311.05,37.386799999999994,0.0
311.05,37.386799999999994,0.0
312.05,37.386799999999994,90.07741621286648
312.05,37.386799999999994,90.07741621286648
314.05,37.386799999999994,0.0
314.05,37.386799999999994,0.0
315.04,37.386799999999994,0.0
315.04,37.386799999999994,0.0
317.0,37.7091,99.77892734602665
317.0,37.386799999999994,99.77892734602665
318.01,37.7091,39.32073001769295
318.01,37.7091,39.32073001769295
320.0,37.7091,0.0
320.0,37.7091,0.0
321.01,37.386799999999994,29.91922212174163
321.01,37.7091,29.91922212174163
323.0,37.386799999999994,21.957230445988674
323.0,37.7091,21.957230445988674
324.0,37.7091,0.0
324.0,37.7091,0.0
326.0,37.7091,46.761193928342934
326.0,37.7091,46.761193928342934
327.12,37.7091,92.06618223188705
327.12,37.7091,92.06618223188705
328.0,37.7091,8.85188172181157
328.0,37.7091,8.85188172181157
329.0,37.7091,0.0
329.0,37.7091,0.0
330.01,37.7091,0.0
330.01,37.7091,0.0
331.0,37.7091,58.048846282350276
331.0,37.7091,58.048846282350276
333.0,37.7091,0.0
333.0,37.7091,0.0
334.0,37.7091,0.0
334.0,37.7091,0.0
336.0,37.386799999999994,68.31516539264935
336.0,37.386799999999994,68.31516539264935
337.0,37.7091,89.40641878929068
337.0,37.7091,89.40641878929068
338.0,37.7091,0.0
338.0,37.7091,0.0
339.0,37.7091,0.0
339.0,37.7091,0.0
340.0,37.7091,0.0
340.0,37.7091,0.0
341.01,37.7091,74.11695782762584
341.01,37.7091,74.11695782762584
343.0,37.7091,0.0
343.0,37.7091,0.0
344.0,37.7091,0.0
344.0,37.7091,0.0
345.02,37.7091,0.0
345.02,37.7091,0.0
346.0,37.7091,85.08243374111048
346.0,37.7091,85.08243374111048
347.05,37.7091,88.7022116173732
347.05,37.7091,88.7022116173732
349.0,37.7091,0.0
349.0,37.7091,0.0
350.03,37.7091,0.0
350.03,37.7091,0.0
352.04,37.7091,78.83448054350605
352.04,37.7091,78.83448054350605
353.0,37.7091,0.0
353.0,37.7091,0.0
355.0,37.7091,0.0
355.0,37.7091,0.0
356.01,38.0314,94.34987337571002
356.01,37.7091,94.34987337571002
358.02,38.0314,0.0
358.02,37.7091,0.0
359.01,38.0314,0.0
359.01,37.7091,0.0
361.0,37.7091,98.80083638193058
361.0,38.0314,98.80083638193058
362.06,38.0314,67.62288785268404
362.06,37.7091,67.62288785268404
363.0,37.7091,0.0
363.0,37.7091,0.0
364.01,38.0314,0.0
364.01,38.0314,0.0
365.01,37.7091,21.367151447417523
365.01,38.0314,21.367151447417523
367.01,38.0314,35.2171566606677
367.01,38.0314,35.2171566606677
368.0,38.0314,0.0
368.0,38.0314,0.0
370.0,38.0314,38.76427030253871
370.0,38.0314,38.76427030253871
371.0,38.0314,99.39052803946285
371.0,38.0314,99.39052803946285
373.0,38.0314,0.0
373.0,38.0314,0.0
374.02,38.0314,0.0
374.02,38.0314,0.0
375.03,38.0314,37.16764587306515
375.03,38.0314,37.16764587306515
376.01,38.0314,98.13942505110349
376.01,38.0314,98.13942505110349
377.0,38.0314,4.439325176404228
377.0,38.0314,4.439325176404228
378.01,38.0314,0.0
378.01,38.0314,0.0
379.0,38.0314,0.0
379.0,38.0314,0.0
381.03,38.0314,97.45829702516379
381.03,38.0314,97.45829702516379
382.03,38.0314,6.162754082500652
382.03,38.0314,6.162754082500652
384.01,38.0314,0.0
384.01,38.0314,0.0
385.01,38.0314,67.89243923788072
385.01,38.0314,67.89243923788072
386.04,38.0314,95.27337067977274
386.04,38.353699999999996,95.27337067977274
387.02,38.353699999999996,0.0
387.02,38.353699999999996,0.0
388.0,38.353699999999996,0.0
388.0,38.353699999999996,0.0
390.01,38.0314,77.01255059369109
390.01,38.353699999999996,77.01255059369109
391.06,38.353699999999996,94.22778667250991
391.06,38.0314,94.22778667250991
393.0,38.353699999999996,0.0
393.0,38.353699999999996,0.0
394.0,38.353699999999996,0.0
394.0,38.353699999999996,0.0
396.0,38.353699999999996,71.50028887161619
396.0,38.353699999999996,71.50028887161619
397.04,38.353699999999996,0.0
397.04,38.353699999999996,0.0
398.01,38.353699999999996,0.0
398.01,38.353699999999996,0.0
399.0,38.353699999999996,0.0
399.0,38.353699999999996,0.0
400.05,38.353699999999996,81.02158811969798
400.05,38.353699999999996,81.02158811969798
402.02,38.353699999999996,0.0
402.02,38.353699999999996,0.0
403.07,38.353699999999996,0.0
403.07,38.353699999999996,0.0
404.05,38.353699999999996,0.0
404.05,38.353699999999996,0.0
405.07,38.353699999999996,82.89688886348111
405.07,38.353699999999996,82.89688886348111
406.04,38.353699999999996,66.77230037461399
406.04,38.675999999999995,66.77230037461399
408.02,38.353699999999996,0.0
408.02,38.353699999999996,0.0
409.07,38.353699999999996,0.0
409.07,38.353699999999996,0.0
411.0,38.353699999999996,38.79483426417879
411.0,38.353699999999996,38.79483426417879
412.0,38.353699999999996,0.0
412.0,38.675999999999995,0.0
413.01,38.353699999999996,0.0
413.01,38.353699999999996,0.0
414.0,38.675999999999995,30.463835687700815
414.0,38.353699999999996,30.463835687700815
416.0,38.353699999999996,26.25493790731846
416.0,38.353699999999996,26.25493790731846
417.0,38.353699999999996,0.0
417.0,38.353699999999996,0.0
418.0,38.353699999999996,0.0
418.0,38.353699999999996,0.0
419.01,38.353699999999996,38.23146471036907
419.01,38.353699999999996,38.23146471036907
420.0,38.353699999999996,98.80595067934651
420.0,38.353699999999996,98.80595067934651
421.02,38.353699999999996,23.08216917253442
421.02,38.353699999999996,23.08216917253442
423.0,38.353699999999996,0.0
423.0,38.353699999999996,0.0
424.0,38.353699999999996,54.38693423800163
424.0,38.353699999999996,54.38693423800163
426.01,38.675999999999995,5.015980853703273
426.01,38.353699999999996,5.015980853703273
427.01,38.353699999999996,0.0
427.01,38.353699999999996,0.0
429.0,38.353699999999996,65.01504277162284
429.0,38.353699999999996,65.01504277162284
430.0,38.353699999999996,91.30190440140773
430.0,38.353699999999996,91.30190440140773
432.0,38.353699999999996,0.0
432.0,38.353699999999996,0.0
433.0,38.353699999999996,0.0
433.0,38.353699999999996,0.0
434.0,38.353699999999996,74.49925217931151
434.0,38.353699999999996,74.49925217931151
435.01,38.353699999999996,87.61824614035346
435.01,38.353699999999996,87.61824614035346
436.0,38.353699999999996,0.0
436.0,38.353699999999996,0.0
437.01,38.675999999999995,0.0
437.01,38.353699999999996,0.0
439.0,38.353699999999996,82.67269371209632
439.0,38.675999999999995,82.67269371209632
440.0,38.675999999999995,77.4005214886395
440.0,38.675999999999995,77.4005214886395
442.0,38.675999999999995,0.0
442.0,38.675999999999995,0.0
443.01,38.675999999999995,0.0
443.01,38.675999999999995,0.0
444.0,38.675999999999995,89.39156076420367
444.0,38.675999999999995,89.39156076420367
445.0,38.675999999999995,68.33937672188216
445.0,38.675999999999995,68.33937672188216
446.03,38.675999999999995,0.0
446.03,38.675999999999995,0.0
448.01,38.675999999999995,0.0
448.01,38.675999999999995,0.0
449.0,38.675999999999995,94.53763906059015
449.0,38.675999999999995,94.53763906059015
451.0,38.675999999999995,0.0
451.0,38.9983,0.0
452.07,38.9983,0.0
452.07,38.675999999999995,0.0
454.03,38.9983,93.96098480195332
454.03,38.9983,93.96098480195332
455.06,38.9983,70.81812163904641
455.06,38.9983,70.81812163904641
457.01,38.9983,0.0
457.01,38.9983,0.0
458.02,38.9983,12.074909761981033
458.02,38.9983,12.074909761981033
459.0,38.9983,99.77852650254079
459.0,38.9983,99.77852650254079
460.02,38.9983,43.87234104885414
460.02,38.9983,43.87234104885414
461.02,39.3206,0.0
461.02,38.9983,0.0
463.02,39.3206,25.107018522835485
463.02,39.3206,25.107018522835485
464.01,39.3206,99.9869192778997
464.01,39.3206,99.9869192778997
466.05,39.3206,0.0
466.05,39.3206,0.0
467.08,39.3206,0.0
467.08,39.3206,0.0
469.04,39.3206,99.9999412368835
469.04,39.3206,99.9999412368835
470.05,39.3206,33.22566219939074
470.05,39.3206,33.22566219939074
471.03,39.3206,0.0
471.03,39.6429,0.0
472.02,39.6429,0.0
472.02,39.3206,0.0
473.06,39.6429,31.38717814525467
473.06,39.6429,31.38717814525467
475.0,39.6429,0.0
475.0,39.6429,0.0
476.01,39.3206,0.0
476.01,39.6429,0.0
477.05,39.6429,0.0
477.05,39.6429,0.0
479.04,39.6429,96.52499007169357
479.04,39.6429,96.52499007169357
480.06,39.6429,12.290113802684576
480.06,39.6429,12.290113802684576
481.0,39.6429,0.0
481.0,39.6429,0.0
482.03,39.6429,0.0
482.03,39.6429,0.0
483.02,39.6429,70.66487439560522
483.02,39.3206,70.66487439560522
485.04,39.6429,0.0
485.04,39.3206,0.0
486.01,39.6429,0.0
486.01,39.3206,0.0
488.03,39.3206,76.2709205951778
488.03,39.3206,76.2709205951778
489.03,39.3206,83.65279576566775
489.03,39.6429,83.65279576566775
490.0,39.6429,0.0
490.0,39.3206,0.0
491.01,39.6429,0.0
491.01,39.3206,0.0
492.07,39.3206,0.0
492.07,39.3206,0.0
495.0,39.3206,0.0
495.0,39.3206,0.0
496.0,39.3206,0.0
496.0,39.3206,0.0
497.0,39.3206,0.0
497.0,39.3206,0.0
498.04,39.3206,88.3355774127988
498.04,39.3206,88.3355774127988
499.0,39.3206,54.41981516573632
499.0,39.3206,54.41981516573632
500.01,39.3206,0.0
500.01,39.3206,0.0
502.03,39.3206,0.0
502.03,39.3206,0.0
503.02,39.3206,96.76429107550277
503.02,38.9983,96.76429107550277
504.0,38.9983,42.83733484823677
504.0,38.9983,42.83733484823677
505.0,38.9983,0.0
505.0,38.9983,0.0
506.01,38.9983,0.0
506.01,38.9983,0.0
508.05,38.9983,96.31442217133488
508.05,38.9983,96.31442217133488
509.01,38.9983,35.22279923053729
509.01,38.9983,35.22279923053729
511.0,38.9983,0.0
511.0,38.9983,0.0
512.04,38.9983,19.67212296154479
512.04,38.9983,19.67212296154479
514.0,38.9983,17.628332980879772
514.0,38.9983,17.628332980879772
515.01,38.9983,0.0
515.01,38.675999999999995,0.0
516.0,38.9983,0.0
516.0,38.675999999999995,0.0
517.07,38.675999999999995,17.977124656626494
517.07,38.9983,17.977124656626494
518.01,38.675999999999995,98.14058243672483
518.01,38.9983,98.14058243672483
520.03,38.675999999999995,0.0
520.03,38.675999999999995,0.0
521.01,38.675999999999995,0.0
521.01,38.675999999999995,0.0
523.03,38.675999999999995,97.4596474770081
523.03,38.675999999999995,97.4596474770081
524.0,38.675999999999995,0.0
524.0,38.675999999999995,0.0
525.0,38.675999999999995,0.0
525.0,38.675999999999995,0.0
526.01,38.675999999999995,0.0
526.01,38.675999999999995,0.0
527.01,38.675999999999995,67.88801266824397
527.01,38.675999999999995,67.88801266824397
529.0,38.675999999999995,0.0
529.0,38.675999999999995,0.0
530.0,38.675999999999995,0.0
530.0,38.675999999999995,0.0
531.0,38.675999999999995,0.0
531.0,38.675999999999995,0.0
532.01,38.675999999999995,77.00870468297822
532.01,38.675999999999995,77.00870468297822
533.0,38.675999999999995,80.12788992396364
533.0,38.675999999999995,80.12788992396364
535.0,38.675999999999995,0.0
535.0,38.675999999999995,0.0
536.07,38.675999999999995,0.0
536.07,38.675999999999995,0.0
538.03,38.675999999999995,81.14848206508245
538.03,38.675999999999995,81.14848206508245
539.06,38.675999999999995,0.0
539.06,38.675999999999995,0.0
541.01,38.675999999999995,0.0
541.01,38.675999999999995,0.0
542.02,38.675999999999995,88.86807961535008
542.02,38.675999999999995,88.86807961535008
544.05,38.675999999999995,0.0
544.05,38.675999999999995,0.0
545.06,38.675999999999995,0.0
545.06,38.675999999999995,0.0
547.04,38.675999999999995,90.321454613525
547.04,38.675999999999995,90.321454613525
548.05,38.675999999999995,70.41363187737623
548.05,38.675999999999995,70.41363187737623
549.01,38.675999999999995,0.0
549.01,38.675999999999995,0.0
550.01,38.675999999999995,0.0
550.01,38.675999999999995,0.0
551.04,38.675999999999995,0.0
551.04,38.675999999999995,0.0
553.04,38.675999999999995,56.33747871303488
553.04,38.675999999999995,56.33747871303488
554.03,38.675999999999995,0.0
554.03,38.675999999999995,0.0
556.0,38.675999999999995,30.458093325377178
556.0,38.675999999999995,30.458093325377178
557.0,38.675999999999995,99.97604802619385
557.0,38.675999999999995,99.97604802619385
559.0,38.675999999999995,0.0
559.0,38.675999999999995,0.0
560.0,38.675999999999995,0.0
560.0,38.675999999999995,0.0
561.0,38.675999999999995,42.79647273103416
561.0,38.675999999999995,42.79647273103416
562.0,38.675999999999995,98.8068793844389
562.0,38.675999999999995,98.8068793844389
563.0,38.675999999999995,13.259077958948517
563.0,38.675999999999995,13.259077958948517
564.0,38.675999999999995,0.0
564.0,38.675999999999995,0.0
566.0,38.675999999999995,54.38187489230187
566.0,38.675999999999995,54.38187489230187
567.0,38.675999999999995,95.899265328428
567.0,38.675999999999995,95.899265328428
568.01,38.675999999999995,5.022002126141425
568.01,38.675999999999995,5.022002126141425
569.0,38.675999999999995,0.0
569.0,38.675999999999995,0.0
570.0,38.675999999999995,0.0
570.0,38.675999999999995,0.0
572.0,38.675999999999995,91.30436351391941
572.0,38.675999999999995,91.30436351391941
573.0,38.675999999999995,0.0
573.0,38.675999999999995,0.0
575.01,38.675999999999995,0.0
575.01,38.675999999999995,0.0
576.02,38.675999999999995,67.46300026170766
576.02,38.675999999999995,67.46300026170766
578.0,38.675999999999995,0.0
578.0,38.675999999999995,0.0
579.08,38.675999999999995,0.0
579.08,38.675999999999995,0.0
581.01,38.675999999999995,79.75389250299399
581.01,38.675999999999995,79.75389250299399
582.0,38.675999999999995,77.40433870361515
582.0,38.675999999999995,77.40433870361515
584.0,38.675999999999995,0.0
584.0,38.675999999999995,0.0
585.0,38.675999999999995,0.0
585.0,38.675999999999995,0.0
586.01,38.675999999999995,87.03663329821046
586.01,38.675999999999995,87.03663329821046
587.0,38.675999999999995,68.34377797453674
587.0,38.675999999999995,68.34377797453674
588.03,38.675999999999995,0.0
588.03,38.675999999999995,0.0
590.0,38.675999999999995,0.0
590.0,38.675999999999995,0.0
591.0,38.675999999999995,94.53567359271443
591.0,38.675999999999995,94.53567359271443
592.01,38.675999999999995,62.07667422661913
592.01,38.675999999999995,62.07667422661913
593.0,38.675999999999995,0.0
593.0,38.675999999999995,0.0
594.0,38.675999999999995,0.0
594.0,38.675999999999995,0.0
596.02,38.675999999999995,95.55230464235846
596.02,38.675999999999995,95.55230464235846
597.02,38.675999999999995,55.38482908261815
597.02,38.675999999999995,55.38482908261815
598.01,38.9983,0.0
598.01,38.675999999999995,0.0
599.0,38.9983,0.0
599.0,38.675999999999995,0.0
600.01,38.675999999999995,17.015225806827353
600.01,38.675999999999995,17.015225806827353
602.0,38.9983,34.68756473771177
602.0,38.9983,34.68756473771177
603.01,38.675999999999995,0.0
603.01,38.675999999999995,0.0
605.0,38.675999999999995,34.6394965535536
605.0,38.9983,34.6394965535536
606.0,38.675999999999995,99.78152398855612
606.0,38.675999999999995,99.78152398855612
608.0,38.675999999999995,0.0
608.0,38.675999999999995,0.0
609.05,38.675999999999995,0.0
609.05,38.9983,0.0
610.0,38.675999999999995,46.75053534255306
610.0,38.675999999999995,46.75053534255306
611.03,38.9983,99.88068017515414
611.03,38.675999999999995,99.88068017515414
612.01,38.9983,13.83105875628931
612.01,38.9983,13.83105875628931
614.03,38.9983,0.0
614.03,38.9983,0.0
615.05,38.9983,36.08767889149546
615.05,38.9983,36.08767889149546
617.03,38.9983,10.581570407473102
617.03,38.9983,10.581570407473102
618.0,38.9983,0.0
618.0,38.9983,0.0
619.0,38.9983,0.0
619.0,38.9983,0.0
620.0,38.9983,68.3063594104854
620.0,38.9983,68.3063594104854
621.0,38.9983,89.41181927032984
621.0,38.9983,89.41181927032984
622.0,38.9983,0.0
622.0,38.9983,0.0
624.02,38.9983,0.0
624.02,38.9983,0.0
625.01,38.9983,74.10886271183963
625.01,38.9983,74.10886271183963
627.03,38.9983,0.0
627.03,38.9983,0.0
628.04,38.9983,0.0
628.04,38.9983,0.0
629.01,38.9983,0.0
629.01,38.9983,0.0
630.01,38.9983,82.34310508157857
630.01,38.9983,82.34310508157857
631.07,38.9983,92.87311893658124
631.07,38.9983,92.87311893658124
633.02,38.9983,0.0
633.02,38.9983,0.0
634.04,38.9983,0.0
634.04,38.9983,0.0
636.0,38.9983,65.04939189309655
636.0,38.9983,65.04939189309655
637.01,38.9983,0.0
637.01,38.9983,0.0
639.0,38.9983,0.0
639.0,38.9983,0.0
640.0,38.9983,95.88472820557219
640.0,38.9983,95.88472820557219
641.01,38.9983,58.549728097975226
641.01,38.9983,58.549728097975226
642.0,38.9983,0.0
642.0,38.9983,0.0
643.0,38.9983,0.0
643.0,38.9983,0.0
645.0,38.9983,98.79897394402974
645.0,38.9983,98.79897394402974
646.03,38.9983,55.864575295473365
646.03,38.9983,55.864575295473365
648.03,38.9983,0.0
648.03,38.9983,0.0
649.0,38.9983,26.211304955879545
649.0,38.9983,26.211304955879545
650.01,38.9983,99.73802746641425
650.01,38.9983,99.73802746641425
651.0,39.3206,30.506899874239295
651.0,38.9983,30.506899874239295
652.0,38.9983,0.0
652.0,39.3206,0.0
653.02,38.9983,0.0
653.02,38.9983,0.0
655.03,39.3206,99.92136994949146
655.03,38.9983,99.92136994949146
656.06,38.9983,45.9355652729422
656.06,38.9983,45.9355652729422
658.01,38.9983,0.0
658.01,39.3206,0.0
659.06,39.3206,22.865281893242642
659.06,38.9983,22.865281893242642
661.03,39.3206,19.330387444435207
661.03,39.3206,19.330387444435207
662.01,39.3206,0.0
662.01,39.3206,0.0
663.0,39.3206,0.0
663.0,39.3206,0.0
664.0,39.3206,61.58267302185531
664.0,39.3206,61.58267302185531
665.01,39.3206,94.73873503699782
665.01,39.3206,94.73873503699782
667.04,39.3206,0.0
667.04,39.3206,0.0
668.0,39.3206,0.0
668.0,39.3206,0.0
670.0,39.3206,87.34441171085925
670.0,39.3206,87.34441171085925
671.04,39.3206,0.0
671.04,39.3206,0.0
672.0,39.3206,0.0
672.0,39.3206,0.0
673.01,39.3206,0.0
673.01,39.3206,0.0
674.0,39.3206,80.09721974189527
674.0,39.3206,80.09721974189527
675.0,39.3206,80.13149679742855
675.0,39.3206,80.13149679742855
677.03,39.3206,0.0
677.03,39.3206,0.0
678.04,39.3206,0.0
678.04,39.3206,0.0
680.02,39.3206,78.13018047507508
680.02,39.3206,78.13018047507508
681.02,39.3206,0.0
681.02,39.3206,0.0
683.0,39.3206,0.0
683.0,39.3206,0.0
684.0,39.3206,92.99951903333825
684.0,39.3206,92.99951903333825
685.0,39.3206,61.62778826418561
685.0,39.3206,61.62778826418561
686.0,39.3206,0.0
686.0,39.3206,0.0
687.0,39.3206,0.0
687.0,39.3206,0.0
689.0,39.3206,97.04626038959216
689.0,39.3206,97.04626038959216
690.05,39.3206,70.41791263835847
690.05,39.3206,70.41791263835847
692.03,39.3206,0.0
692.03,39.3206,0.0
693.0,39.3206,17.57788779794255
693.0,39.3206,17.57788779794255
694.05,39.3206,93.55744152811884
694.05,39.3206,93.55744152811884
695.0,39.6429,38.80594737465957
695.0,39.6429,38.80594737465957
696.04,39.6429,0.0
696.04,39.6429,0.0
698.02,39.6429,20.79103488196546
698.02,39.6429,20.79103488196546
699.0,39.6429,99.97617979031362
699.0,39.6429,99.97617979031362
700.0,39.6429,26.26657245482294
700.0,39.6429,26.26657245482294
701.04,39.6429,0.0
701.04,39.6429,0.0
702.05,39.6429,0.0
702.05,39.6429,0.0
704.02,39.6429,99.85115171431902
704.02,39.6429,99.85115171431902
705.0,39.6429,13.265053575812761
705.0,39.6429,13.265053575812761
706.0,39.6429,0.0
706.0,39.6429,0.0
707.0,39.6429,0.0
707.0,39.6429,0.0
708.0,39.6429,54.3768153489388
708.0,39.6429,54.3768153489388
710.0,39.6429,0.03014435290752651
710.0,39.6429,0.03014435290752651
711.0,39.6429,0.0
711.0,39.6429,0.0
712.0,39.6429,0.0
712.0,39.6429,0.0
713.06,39.6429,39.64638508114168
713.06,39.6429,39.64638508114168
714.02,39.6429,94.92194353661665
714.02,39.6429,94.92194353661665
716.01,39.6429,0.0
716.01,39.6429,0.0
717.0,39.6429,0.0
717.0,39.6429,0.0
719.0,39.6429,85.10618407882913
719.0,39.3206,85.10618407882913
720.0,39.6429,0.0
720.0,39.6429,0.0
721.0,39.6429,0.0
721.0,39.6429,0.0
722.03,39.6429,0.0
722.03,39.6429,0.0
723.01,39.6429,79.75025533638316
723.01,39.6429,79.75025533638316
725.02,39.3206,0.0
725.02,39.6429,0.0
726.06,39.6429,0.0
726.06,39.6429,0.0
728.03,39.6429,81.68248989920654
728.03,39.6429,81.68248989920654
729.0,39.6429,68.34817897878025
729.0,39.3206,68.34817897878025
730.0,39.6429,0.0
730.0,39.3206,0.0
731.0,39.6429,0.0
731.0,39.3206,0.0
732.01,39.6429,0.0
732.01,39.3206,0.0
733.05,39.3206,83.52716963015551
733.05,39.6429,83.52716963015551
735.03,39.6429,0.0
735.03,39.6429,0.0
736.0,39.6429,0.0
736.0,39.6429,0.0
738.0,39.3206,98.01799852821563
738.0,39.3206,98.01799852821563
739.0,39.6429,46.80115756881432
739.0,39.6429,46.80115756881432
740.01,39.3206,0.0
740.01,39.6429,0.0
741.03,39.6429,0.0
741.03,39.3206,0.0
742.0,39.6429,21.913115126649696
742.0,39.3206,21.913115126649696
744.04,39.6429,52.63466675757187
744.04,39.3206,52.63466675757187
745.02,39.3206,0.0
745.02,39.6429,0.0
747.0,39.3206,34.633840874770826
747.0,39.3206,34.633840874770826
748.05,39.3206,98.31296023048168
748.05,39.3206,98.31296023048168
750.0,39.3206,0.0
750.0,39.3206,0.0
751.03,39.3206,0.0
751.03,39.3206,0.0
753.0,39.6429,98.03051981352014
753.0,39.3206,98.03051981352014
754.0,39.3206,8.869897190038252
754.0,39.3206,8.869897190038252
755.0,39.3206,0.0
755.0,39.3206,0.0
756.0,39.3206,0.0
756.0,39.3206,0.0
757.05,39.3206,36.08205621972601
757.05,39.3206,36.08205621972601
758.0,39.3206,94.55433166321127
758.0,39.3206,94.55433166321127
760.03,39.3206,0.0
760.03,39.3206,0.0
761.07,39.3206,0.0
761.07,39.3206,0.0
763.01,39.6429,91.5407271704093
763.01,39.3206,91.5407271704093
764.0,39.6429,0.0
764.0,39.3206,0.0
765.0,39.3206,0.0
765.0,39.3206,0.0
766.05,39.3206,0.0
766.05,39.6429,0.0
767.06,39.6429,55.189089870160736
767.06,39.6429,55.189089870160736
769.0,39.3206,0.0
769.0,39.3206,0.0
770.05,39.3206,0.0
770.05,39.3206,0.0
772.0,39.3206,85.07292873503964
772.0,39.3206,85.07292873503964
773.01,39.3206,77.77234544072648
773.01,39.3206,77.77234544072648
774.0,39.3206,0.0
774.0,39.3206,0.0
775.01,39.3206,0.0
775.01,39.3206,0.0
776.06,39.3206,0.0
776.06,39.3206,0.0
778.0,39.3206,65.05397077125636
778.0,39.3206,65.05397077125636
779.0,39.3206,0.0
779.0,39.3206,0.0
782.0,39.3206,95.88301630030472
782.0,39.3206,95.88301630030472
783.0,39.3206,54.42993069319398
783.0,39.3206,54.42993069319398
784.03,39.3206,0.0
784.03,39.3206,0.0
785.01,39.3206,0.0
785.01,39.3206,0.0
786.0,39.3206,13.202307198174488
786.0,39.3206,13.202307198174488
787.0,39.3206,98.79804218641651
787.0,38.9983,98.79804218641651
788.04,38.9983,59.94488894316097
788.04,38.9983,59.94488894316097
789.0,38.9983,0.0
789.0,39.3206,0.0
790.0,38.9983,0.0
790.0,39.3206,0.0
791.02,38.9983,16.440114961375578
791.02,38.9983,16.440114961375578
793.0,38.9983,30.512641294711706
793.0,38.9983,30.512641294711706
794.05,38.9983,0.0
794.05,38.9983,0.0
795.01,38.9983,0.0
795.01,38.9983,0.0
796.05,38.9983,14.73535697540129
796.05,38.9983,14.73535697540129
797.09,38.9983,94.2848364388316
797.09,38.9983,94.2848364388316
799.02,38.9983,0.0
799.02,38.9983,0.0
800.03,38.9983,0.0
800.03,38.9983,0.0
802.0,38.9983,97.06151292825791
802.0,38.9983,97.06151292825791
803.0,38.9983,4.45739388473083
803.0,38.9983,4.45739388473083
805.03,38.9983,0.0
805.03,38.9983,0.0
806.02,38.9983,53.404227759071595
806.02,38.9983,53.404227759071595
807.04,38.9983,98.45933140297564
807.04,38.9983,98.45933140297564
808.0,38.9983,0.0
808.0,38.9983,0.0
809.0,38.9983,0.0
809.0,38.9983,0.0
810.0,38.9983,0.0
810.0,38.9983,0.0
811.02,38.9983,64.12420230780869
811.02,38.9983,64.12420230780869
812.09,38.675999999999995,99.82890843421862
812.09,38.9983,99.82890843421862
814.0,38.9983,0.0
814.0,38.9983,0.0
815.02,38.9983,0.0
815.02,38.9983,0.0
817.03,38.9983,88.17457770410664
817.03,38.9983,88.17457770410664
818.0,38.675999999999995,0.0
818.0,38.9983,0.0
819.0,38.9983,0.0
819.0,38.9983,0.0
820.01,38.9983,0.0
820.01,38.9983,0.0
821.01,38.9983,84.76808047608138
821.01,38.9983,84.76808047608138
823.0,38.9983,0.0
823.0,38.9983,0.0
824.02,38.9983,0.0
824.02,38.9983,0.0
826.0,38.9983,92.99730282215454
826.0,38.9983,92.99730282215454
827.0,38.9983,61.632536061317865
827.0,38.9983,61.632536061317865
829.02,38.9983,0.0
829.02,38.9983,0.0
830.0,38.9983,4.38812971613949
830.0,38.9983,4.38812971613949
831.01,38.9983,95.71747713105161
831.01,38.9983,95.71747713105161
832.0,38.9983,50.667753651151514
832.0,38.9983,50.667753651151514
833.01,38.9983,0.0
833.01,38.9983,0.0
835.0,38.9983,17.5719527668005
835.0,38.9983,17.5719527668005
836.01,39.3206,98.7071575271084
836.01,38.9983,98.7071575271084
838.04,39.3206,0.0
838.04,38.9983,0.0
839.05,39.3206,0.0
839.05,39.3206,0.0
841.0,39.3206,99.97631119104716
841.0,39.3206,99.97631119104716
842.01,39.3206,31.061901322419594
842.01,39.3206,31.061901322419594
843.08,39.3206,0.0
843.08,39.3206,0.0
845.01,39.3206,38.214751473202945
845.01,39.3206,38.214751473202945
846.03,39.3206,99.99898387207814
846.03,39.3206,99.99898387207814
848.0,39.3206,0.0
848.0,39.3206,0.0
849.05,39.3206,0.0
849.05,39.3206,0.0
851.0,39.3206,95.90268216810337
851.0,39.3206,95.90268216810337
852.04,39.3206,19.902383946810232
852.04,39.6429,19.902383946810232
853.0,39.3206,0.0
853.0,39.6429,0.0
854.0,39.3206,0.0
854.0,39.3206,0.0
856.02,39.6429,94.92384013597818
856.02,39.6429,94.92384013597818
857.0,39.6429,0.0
857.0,39.6429,0.0
858.02,39.6429,0.0
858.02,39.3206,0.0
859.04,39.6429,0.0
859.04,39.6429,0.0
860.0,39.6429,74.4871858736274
860.0,39.6429,74.4871858736274
861.01,39.6429,87.626962084464
861.01,39.3206,87.626962084464
863.0,39.6429,0.0
863.0,39.6429,0.0
864.0,39.6429,0.0
864.0,39.6429,0.0
866.02,39.6429,83.34508169535172
866.02,39.6429,83.34508169535172
867.0,39.6429,0.0
867.0,39.6429,0.0
868.0,39.6429,0.0
868.0,39.6429,0.0
869.0,39.6429,0.0
869.0,39.6429,0.0
870.01,39.6429,87.03069537629784
870.01,39.6429,87.03069537629784
871.01,39.6429,71.9152680959638
871.01,39.3206,71.9152680959638
873.03,39.6429,0.0
873.03,39.6429,0.0
874.01,39.6429,0.0
874.01,39.6429,0.0
875.01,39.6429,92.78352207093783
875.01,39.6429,92.78352207093783
876.0,39.6429,58.09056617258771
876.0,39.6429,58.09056617258771
877.01,39.6429,0.0
877.01,39.6429,0.0
879.0,39.6429,8.800836324611911
879.0,39.6429,8.800836324611911
880.01,39.6429,96.90388056632267
880.01,39.6429,96.90388056632267
882.0,39.6429,0.0
882.0,39.6429,0.0
883.0,39.6429,0.0
883.0,39.6429,0.0
884.0,39.6429,21.90723274536937
884.0,39.6429,21.90723274536937
885.02,39.6429,98.61298318849246
885.02,39.6429,98.61298318849246
886.01,39.965199999999996,39.3429018509814
886.01,39.6429,39.3429018509814
888.04,39.965199999999996,0.0
888.04,39.965199999999996,0.0
889.01,39.965199999999996,29.896210430548926
889.01,39.965199999999996,29.896210430548926
891.0,39.965199999999996,21.98075678127951
891.0,39.965199999999996,21.98075678127951
892.0,39.965199999999996,0.0
892.0,39.965199999999996,0.0
893.0,39.965199999999996,0.0
893.0,39.965199999999996,0.0
894.05,39.965199999999996,23.415183515365833
894.05,39.965199999999996,23.415183515365833
895.06,39.965199999999996,99.4877083832823
895.06,39.965199999999996,99.4877083832823
897.0,39.965199999999996,0.0
897.0,39.965199999999996,0.0
898.02,39.965199999999996,0.0
898.02,39.965199999999996,0.0
900.02,39.965199999999996,97.3328778359386
900.02,39.965199999999996,97.3328778359386
901.0,39.965199999999996,0.0
901.0,39.965199999999996,0.0
902.0,39.965199999999996,0.0
902.0,39.965199999999996,0.0
903.0,39.965199999999996,0.0
903.0,39.965199999999996,0.0
904.0,39.965199999999996,68.29755243522125
904.0,39.965199999999996,68.29755243522125
905.07,39.965199999999996,99.34842699026643
905.07,39.965199999999996,99.34842699026643
907.0,39.965199999999996,0.0
907.0,39.965199999999996,0.0
908.03,39.965199999999996,0.0
908.03,39.965199999999996,0.0
909.0,39.965199999999996,77.36424391700535
909.0,39.965199999999996,77.36424391700535
910.0,39.965199999999996,82.70490284969087
910.0,39.965199999999996,82.70490284969087
911.0,39.965199999999996,0.0
911.0,39.965199999999996,0.0
913.0,39.965199999999996,0.0
913.0,39.965199999999996,0.0
914.0,39.965199999999996,85.0697597812334
914.0,39.965199999999996,85.0697597812334
916.0,39.965199999999996,0.0
916.0,39.965199999999996,0.0
917.0,40.287499999999994,0.0
917.0,40.287499999999994,0.0
918.02,40.287499999999994,0.0
918.02,40.287499999999994,0.0
919.0,40.287499999999994,91.27852628241222
919.0,40.287499999999994,91.27852628241222
920.0,40.287499999999994,65.05854941296265
920.0,40.287499999999994,65.05854941296265
921.01,40.287499999999994,0.0
921.01,40.287499999999994,0.0
923.0,40.287499999999994,0.0
923.0,40.287499999999994,0.0
924.01,40.287499999999994,94.34187933696842
924.01,40.287499999999994,94.34187933696842
926.02,40.287499999999994,0.0
926.02,40.287499999999994,0.0
927.01,40.287499999999994,0.0
927.01,40.287499999999994,0.0
929.0,40.287499999999994,98.79711006969927
929.0,40.287499999999994,98.79711006969927
930.02,40.287499999999994,51.65977955254451
930.02,40.287499999999994,51.65977955254451
931.01,40.287499999999994,0.0
931.01,40.287499999999994,0.0
932.01,40.287499999999994,0.0
932.01,40.287499999999994,0.0
933.01,40.287499999999994,21.3435922770576
933.01,40.287499999999994,21.3435922770576
935.0,40.287499999999994,30.51838260427896
935.0,40.287499999999994,30.51838260427896
936.01,40.287499999999994,0.0
936.01,40.6098,0.0
937.01,40.287499999999994,0.0
937.01,40.287499999999994,0.0
938.0,40.287499999999994,38.742039289554484
938.0,40.287499999999994,38.742039289554484
939.0,40.287499999999994,99.39318357849952
939.0,40.287499999999994,99.39318357849952
941.0,40.287499999999994,0.0
941.0,40.287499999999994,0.0
942.02,40.287499999999994,0.0
942.02,40.287499999999994,0.0
944.04,40.287499999999994,99.90772744148127
944.04,40.287499999999994,99.90772744148127
945.0,40.287499999999994,4.463416755132721
945.0,40.287499999999994,4.463416755132721
946.0,40.287499999999994,0.0
946.0,40.287499999999994,0.0
947.02,40.287499999999994,0.0
947.02,40.287499999999994,0.0
948.01,40.287499999999994,57.558084121265374
948.01,40.287499999999994,57.558084121265374
949.01,40.287499999999994,94.74259390318758
949.01,40.287499999999994,94.74259390318758
951.0,40.287499999999994,0.0
951.0,40.287499999999994,0.0
952.01,40.287499999999994,0.0
952.01,40.287499999999994,0.0
953.0,40.287499999999994,71.46023547211622
953.0,40.287499999999994,71.46023547211622
954.0,40.287499999999994,87.35028228440552
954.0,40.287499999999994,87.35028228440552
955.0,40.287499999999994,0.0
955.0,40.287499999999994,0.0
957.0,40.287499999999994,0.0
957.0,40.6098,0.0
958.0,40.287499999999994,80.090000171287
958.0,40.6098,80.090000171287
960.01,40.6098,0.0
960.01,40.6098,0.0
961.0,40.6098,0.0
961.0,40.287499999999994,0.0
963.01,40.6098,84.76488196634298
963.01,40.287499999999994,84.76488196634298
964.0,40.6098,71.51714644476677
964.0,40.6098,71.51714644476677
965.0,40.6098,0.0
965.0,40.6098,0.0
966.07,40.6098,0.0
966.07,40.6098,0.0
967.0,40.6098,0.0
967.0,40.6098,0.0
969.03,40.6098,72.71273577169082
969.03,40.6098,72.71273577169082
970.0,40.6098,0.0
970.0,40.6098,0.0
972.0,40.6098,4.382106644793381
972.0,40.287499999999994,4.382106644793381
973.0,40.6098,97.04335073473523
973.0,40.6098,97.04335073473523
975.0,40.6098,0.0
975.0,40.287499999999994,0.0
976.01,40.287499999999994,0.0
976.01,40.6098,0.0
978.01,40.287499999999994,98.70619103982493
978.01,40.287499999999994,98.70619103982493
979.03,40.287499999999994,52.153218204513294
979.03,40.287499999999994,52.153218204513294
980.0,40.287499999999994,0.0
980.0,40.287499999999994,0.0
981.0,40.287499999999994,0.0
981.0,40.287499999999994,0.0
982.04,40.287499999999994,10.909996076908108
982.04,40.287499999999994,10.909996076908108
983.06,40.287499999999994,96.15256509585421
983.06,40.287499999999994,96.15256509585421
985.03,40.287499999999994,0.0
985.03,40.287499999999994,0.0
986.03,40.287499999999994,0.0
986.03,40.287499999999994,0.0
988.0,40.287499999999994,98.80966334488575
988.0,40.287499999999994,98.80966334488575
989.0,40.287499999999994,13.277004664874939
989.0,40.287499999999994,13.277004664874939
990.0,40.287499999999994,0.0
990.0,40.287499999999994,0.0
991.0,40.287499999999994,0.0
991.0,40.287499999999994,0.0
993.0,40.287499999999994,95.9043900650739
993.0,40.287499999999994,95.9043900650739
994.0,40.287499999999994,0.042202093456964566
994.0,40.287499999999994,0.042202093456964566
995.0,40.287499999999994,0.0
995.0,40.287499999999994,0.0
996.0,40.287499999999994,0.0
996.0,40.287499999999994,0.0
997.0,40.287499999999994,64.99671780454734
997.0,40.287499999999994,64.99671780454734
999.02,40.287499999999994,0.0
999.02,40.287499999999994,0.0
1000.01,40.287499999999994,0.0
1000.01,40.287499999999994,0.0
