Time,T1,Q1
0.0,20.949499999999997,0.0
0.0,20.6272,0.0
2.04,20.949499999999997,1.6165206448113565
2.04,20.949499999999997,1.6165206448113565
3.04,20.949499999999997,2.408804646644467
3.04,20.949499999999997,2.408804646644467
5.0,20.6272,3.9611963251066356
5.0,20.949499999999997,3.9611963251066356
6.0,20.949499999999997,4.752888297604952
6.0,20.949499999999997,4.752888297604952
7.0,20.949499999999997,5.544281803774545
7.0,20.949499999999997,5.544281803774545
8.05,20.949499999999997,6.374869383315401
8.05,20.949499999999997,6.374869383315401
9.02,20.949499999999997,7.1417832020626415
9.02,20.949499999999997,7.1417832020626415
11.03,20.949499999999997,8.729560459989886
11.03,20.949499999999997,8.729560459989886
12.0,20.949499999999997,9.49503377523176
12.0,20.949499999999997,9.49503377523176
13.03,20.949499999999997,10.307240789070939
13.03,20.949499999999997,10.307240789070939
14.04,20.949499999999997,11.103010323642698
14.04,20.949499999999997,11.103010323642698
15.05,20.949499999999997,11.898068610012547
15.05,20.949499999999997,11.898068610012547
17.0,20.949499999999997,13.43088116770293
17.0,20.949499999999997,13.43088116770293
18.0,20.949499999999997,14.215717894596667
18.0,20.949499999999997,14.215717894596667
20.0,20.949499999999997,15.782664013030592
20.0,20.949499999999997,15.782664013030592
21.01,20.949499999999997,16.57248994396971
21.01,20.949499999999997,16.57248994396971
23.05,21.2718,18.16449192500561
23.05,20.949499999999997,18.16449192500561
24.01,21.2718,18.91205214541695
24.01,20.949499999999997,18.91205214541695
25.01,21.2718,19.689596204982852
25.01,21.2718,19.689596204982852
26.0,21.2718,20.458147024662022
26.0,21.2718,20.458147024662022
27.01,21.2718,21.240926241650794
27.01,21.2718,21.240926241650794
29.0,21.2718,22.779204851891873
29.0,21.2718,22.779204851891873
30.01,21.2718,23.55779607453156
30.01,21.2718,23.55779607453156
31.01,21.2718,24.32719188353664
31.01,21.594099999999997,24.32719188353664
32.06,21.594099999999997,25.133412462166866
32.06,21.594099999999997,25.133412462166866
33.01,21.594099999999997,25.861352270102934
33.01,21.594099999999997,25.861352270102934
35.0,21.594099999999997,27.381395186546197
35.0,21.594099999999997,27.381395186546197
36.0,21.594099999999997,28.14268888672405
36.0,21.594099999999997,28.14268888672405
37.06,21.9164,28.947729659593286
37.06,21.9164,28.947729659593286
39.01,21.9164,30.42332461009598
39.01,21.9164,30.42332461009598
40.04,21.9164,31.19983174217571
40.04,21.9164,31.19983174217571
42.0,22.238699999999998,32.67167307878257
42.0,21.9164,32.67167307878257
43.01,22.238699999999998,33.427067090373384
43.01,22.238699999999998,33.427067090373384
45.04,22.238699999999998,34.93880810404305
45.04,22.238699999999998,34.93880810404305
46.04,22.238699999999998,35.68020841950219
46.04,22.561,35.68020841950219
47.0,22.561,36.389845344761554
47.0,22.561,36.389845344761554
48.01,22.561,37.13416835926977
48.01,22.561,37.13416835926977
49.01,22.561,37.86877842621222
49.01,22.561,37.86877842621222
51.0,22.8833,39.323532529725604
51.0,22.8833,39.323532529725604
52.0,22.8833,40.050895610222156
52.0,22.8833,40.050895610222156
53.01,23.205599999999997,40.782979246215575
53.01,23.205599999999997,40.782979246215575
54.05,23.205599999999997,41.53407738641448
54.05,23.205599999999997,41.53407738641448
55.02,23.205599999999997,42.232079261922465
55.02,23.205599999999997,42.232079261922465
57.03,23.5279,43.67046493807771
57.03,23.5279,43.67046493807771
58.0,23.5279,44.36067018850624
58.0,23.5279,44.36067018850624
60.02,23.850199999999997,45.789545221329334
60.02,23.850199999999997,45.789545221329334
61.01,23.850199999999997,46.48557387753524
61.01,23.850199999999997,46.48557387753524
63.0,24.1725,47.87596276295211
63.0,24.1725,47.87596276295211
64.01,24.494799999999998,48.577104407408925
64.01,24.494799999999998,48.577104407408925
65.0,24.494799999999998,49.26134236260279
65.0,24.494799999999998,49.26134236260279
66.01,24.494799999999998,49.956278624389014
66.01,24.494799999999998,49.956278624389014
67.09,24.817099999999996,50.69583712546191
67.09,24.817099999999996,50.69583712546191
69.05,25.1394,52.02847706223174
69.05,25.1394,52.02847706223174
70.03,25.1394,52.690110313609125
70.03,25.1394,52.690110313609125
71.0,25.1394,53.341863066673845
71.0,25.1394,53.341863066673845
72.07,25.461699999999997,54.057149432208284
72.07,25.461699999999997,54.057149432208284
73.05,25.461699999999997,54.70886289311699
73.05,25.461699999999997,54.70886289311699
75.01,25.784,56.002352219677164
75.01,26.106299999999997,56.002352219677164
76.01,26.106299999999997,56.65711051001868
76.01,26.106299999999997,56.65711051001868
77.0,26.106299999999997,57.301816655268425
77.0,26.106299999999997,57.301816655268425
78.04,26.4286,57.975284557996986
78.04,26.4286,57.975284557996986
79.02,26.4286,58.6062958169113
79.02,26.4286,58.6062958169113
81.0,26.750899999999998,59.87037211854268
81.0,26.750899999999998,59.87037211854268
82.05,27.073199999999996,60.534754633546726
82.05,27.073199999999996,60.534754633546726
84.04,27.3955,61.78238181719572
84.04,27.3955,61.78238181719572
85.03,27.3955,62.397356964850815
85.03,27.3955,62.397356964850815
87.0,27.717799999999997,63.609634107514964
87.0,28.0401,63.609634107514964
88.0,28.0401,64.21908990323783
88.0,28.0401,64.21908990323783
90.0,28.362399999999997,65.42586520980322
90.0,28.362399999999997,65.42586520980322
91.03,28.6847,66.04096238120293
91.03,28.362399999999997,66.04096238120293
92.0,28.6847,66.61620662606447
92.0,28.6847,66.61620662606447
93.0,29.006999999999998,67.20512102640261
93.0,29.006999999999998,67.20512102640261
94.0,29.006999999999998,67.78981515803505
94.0,29.006999999999998,67.78981515803505
96.0,29.329299999999996,68.94639601475099
96.0,29.329299999999996,68.94639601475099
97.0,29.6516,69.51821011022055
97.0,29.6516,69.51821011022055
98.0,29.6516,70.08565868231742
98.0,29.6516,70.08565868231742
99.08,29.973899999999997,70.69355869930759
99.08,29.973899999999997,70.69355869930759
100.02,30.2962,71.21844372103115
100.02,30.2962,71.21844372103115
102.01,30.618499999999997,72.31656267134579
102.01,30.618499999999997,72.31656267134579
103.0,30.618499999999997,72.85618122292593
103.0,30.940799999999996,72.85618122292593
104.0,30.940799999999996,73.3966980919586
104.0,30.940799999999996,73.3966980919586
105.08,31.263099999999998,73.97527838172327
105.08,30.940799999999996,73.97527838172327
106.02,31.263099999999998,74.47444865192465
106.02,31.263099999999998,74.47444865192465
108.0,31.585399999999996,75.51233969349906
108.0,31.585399999999996,75.51233969349906
109.04,31.9077,76.05006397655465
109.04,31.9077,76.05006397655465
111.02,32.23,77.05949976202447
111.02,32.23,77.05949976202447
112.01,32.552299999999995,77.55711892170021
112.01,32.552299999999995,77.55711892170021
114.03,32.8746,78.55762411249529
114.03,32.8746,78.55762411249529
115.03,33.1969,79.04549051389142
115.03,33.1969,79.04549051389142
116.0,33.1969,79.51397854492721
116.0,33.1969,79.51397854492721
117.01,33.5192,79.99679254056659
117.01,33.5192,79.99679254056659
118.02,33.841499999999996,80.47448201833248
118.02,33.841499999999996,80.47448201833248
120.0,34.163799999999995,81.39595546651822
120.0,34.163799999999995,81.39595546651822
121.01,34.4861,81.8582962243288
121.01,34.4861,81.8582962243288
123.04,34.8084,82.77166421128031
123.04,34.8084,82.77166421128031
124.1,35.1307,83.2400977237408
124.1,35.1307,83.2400977237408
126.03,35.452999999999996,84.07789497500222
126.03,35.452999999999996,84.07789497500222
127.0,35.775299999999994,84.49155018038358
127.0,35.775299999999994,84.49155018038358
128.01,35.775299999999994,84.91695770586888
128.01,36.0976,84.91695770586888
129.01,36.0976,85.33279418545983
129.01,36.0976,85.33279418545983
130.01,36.4199,85.74327203589615
130.01,36.4199,85.74327203589615
132.0,36.7422,86.54407910601721
132.0,36.7422,86.54407910601721
133.0,37.064499999999995,86.93838223538273
133.0,37.064499999999995,86.93838223538273
134.0,37.386799999999994,87.32722590975033
134.0,37.386799999999994,87.32722590975033
135.0,37.386799999999994,87.71058571096906
135.0,37.386799999999994,87.71058571096906
136.01,37.7091,88.09218818809497
136.01,37.7091,88.09218818809497
138.0,38.0314,88.82752286881919
138.0,38.0314,88.82752286881919
139.05,38.353699999999996,89.2066224246003
139.05,38.353699999999996,89.2066224246003
141.04,38.675999999999995,89.90814059929696
141.04,38.9983,89.90814059929696
142.04,38.9983,90.2522324399598
142.04,38.9983,90.2522324399598
144.0,39.3206,90.91019227558066
144.0,39.3206,90.91019227558066
145.05,39.6429,91.25365933955261
145.05,39.6429,91.25365933955261
146.0,39.965199999999996,91.55897198060214
146.0,39.965199999999996,91.55897198060214
147.0,39.965199999999996,91.87474750839807
147.0,39.965199999999996,91.87474750839807
148.01,40.287499999999994,92.18782445208188
148.01,40.287499999999994,92.18782445208188
150.02,40.6098,92.79328873924845
150.02,40.9321,92.79328873924845
151.0,40.9321,93.07996233341228
151.0,40.9321,93.07996233341228
153.03,41.576699999999995,93.6559092131591
153.03,41.576699999999995,93.6559092131591
154.01,41.576699999999995,93.92528731221059
154.01,41.576699999999995,93.92528731221059
155.0,41.898999999999994,94.19166247099004
155.0,41.898999999999994,94.19166247099004
156.0,42.2213,94.45484286887397
156.0,42.2213,94.45484286887397
157.03,42.5436,94.719717458867
157.03,42.2213,94.719717458867
158.03,42.5436,94.97084009823965
158.03,42.5436,94.97084009823965
160.02,42.865899999999996,95.45281622996986
160.02,42.865899999999996,95.45281622996986
161.06,43.188199999999995,95.69526639467527
161.06,43.188199999999995,95.69526639467527
163.0,43.51049999999999,96.1301461882878
163.0,43.8328,96.1301461882878
164.03,43.8328,96.35180903804634
164.03,43.8328,96.35180903804634
165.0,44.1551,96.55469067652702
165.0,44.1551,96.55469067652702
166.05,44.477399999999996,96.7678742957999
166.05,44.477399999999996,96.7678742957999
167.01,44.477399999999996,96.95692258158995
167.01,44.477399999999996,96.95692258158995
169.03,45.122,97.3363734939172
169.03,45.122,97.3363734939172
170.01,45.122,97.51148419999296
170.01,45.4443,97.51148419999296
172.0,45.7666,97.84895975252921
172.0,45.7666,97.84895975252921
173.01,45.7666,98.01093741479015
173.01,46.088899999999995,98.01093741479015
175.0,46.411199999999994,98.31170007364706
175.0,46.411199999999994,98.31170007364706
176.0,46.7335,98.4536120488071
176.0,46.411199999999994,98.4536120488071
178.04,47.0558,98.72393239174873
178.04,47.0558,98.72393239174873
179.03,47.378099999999996,98.84582313181114
179.03,47.0558,98.84582313181114
181.0,47.700399999999995,99.07026866756328
181.0,47.700399999999995,99.07026866756328
182.0,47.700399999999995,99.17496512550973
182.0,48.02269999999999,99.17496512550973
183.0,48.02269999999999,99.27343370981623
183.0,48.02269999999999,99.27343370981623
184.01,48.345,99.36655908032513
184.01,48.345,99.36655908032513
185.0,48.345,99.4516629149278
185.0,48.6673,99.4516629149278
187.0,48.989599999999996,99.60491151468294
187.0,48.989599999999996,99.60491151468294
188.0,49.311899999999994,99.67215581295129
188.0,49.311899999999994,99.67215581295129
190.0,49.63419999999999,99.7878632928902
190.0,49.63419999999999,99.7878632928902
191.0,49.63419999999999,99.83631920849756
191.0,49.9565,99.83631920849756
193.01,50.2788,99.91474763952955
193.01,50.2788,99.91474763952955
194.05,50.601099999999995,99.94537759671026
194.05,50.2788,99.94537759671026
195.01,50.601099999999995,99.96762624261207
195.01,50.601099999999995,99.96762624261207
197.0,50.923399999999994,99.99531827274049
197.0,50.923399999999994,99.99531827274049
198.0,51.2457,99.99984651323058
198.0,51.2457,99.99984651323058
199.0,51.568,99.99809508014266
199.0,51.568,99.99809508014266
201.0,51.890299999999996,99.97575402750732
201.0,51.890299999999996,99.97575402750732
202.0,51.890299999999996,99.95516581090725
202.0,51.890299999999996,99.95516581090725
203.0,52.212599999999995,99.92830072653572
203.0,52.212599999999995,99.92830072653572
204.0,52.53489999999999,99.89516046143497
204.0,52.53489999999999,99.89516046143497
205.0,52.53489999999999,99.85574709670864
205.0,52.53489999999999,99.85574709670864
206.0,52.8572,99.81006310739119
206.0,52.8572,99.81006310739119
207.04,53.1795,99.75590296797601
207.04,52.8572,99.75590296797601
208.01,53.1795,99.69928133778113
208.01,53.1795,99.69928133778113
210.0,53.501799999999996,99.56468418308054
210.0,53.501799999999996,99.56468418308054
211.0,53.824099999999994,99.48769797163754
211.0,53.824099999999994,99.48769797163754
213.0,54.14639999999999,99.31498823874975
213.0,54.14639999999999,99.31498823874975
214.04,54.4687,99.21531741691312
214.04,54.4687,99.21531741691312
216.02,54.4687,99.00693785128958
216.02,54.791,99.00693785128958
217.03,54.791,98.8912520589013
217.03,54.791,98.8912520589013
219.0,55.113299999999995,98.64738623563441
219.0,55.113299999999995,98.64738623563441
220.08,55.435599999999994,98.50348667157685
220.08,55.435599999999994,98.50348667157685
222.03,55.75789999999999,98.22540141579313
222.03,55.75789999999999,98.22540141579313
223.01,56.0802,98.07678575403948
223.01,56.0802,98.07678575403948
224.0,56.0802,97.92064777407431
224.0,56.0802,97.92064777407431
225.0,56.402499999999996,97.75681431501063
225.0,56.402499999999996,97.75681431501063
226.01,56.402499999999996,97.58511134967202
226.01,56.402499999999996,97.58511134967202
228.0,56.724799999999995,97.22852410796091
228.0,56.724799999999995,97.22852410796091
229.01,57.04709999999999,97.03828693147494
229.01,57.04709999999999,97.03828693147494
230.01,57.04709999999999,96.84380908593883
230.01,57.04709999999999,96.84380908593883
231.01,57.3694,96.64324975597735
231.01,57.04709999999999,96.64324975597735
232.0,57.3694,96.43871781699542
232.0,57.3694,96.43871781699542
234.04,57.6917,95.99855569349404
234.04,57.6917,95.99855569349404
235.01,58.013999999999996,95.78045519338248
235.01,58.013999999999996,95.78045519338248
237.0,58.336299999999994,95.31531188293722
237.0,58.013999999999996,95.31531188293722
238.0,58.336299999999994,95.07261587001356
238.0,58.336299999999994,95.07261587001356
240.0,58.65859999999999,94.56932868231361
240.0,58.65859999999999,94.56932868231361
241.0,58.65859999999999,94.30876911237837
241.0,58.65859999999999,94.30876911237837
242.0,58.9809,94.04228725049752
242.0,58.9809,94.04228725049752
243.0,58.9809,93.76989983088781
243.0,58.9809,93.76989983088781
244.01,59.3032,93.48881152202466
244.01,59.3032,93.48881152202466
246.0,59.625499999999995,92.9174771241397
246.0,59.625499999999995,92.9174771241397
247.0,59.625499999999995,92.621642216537
247.0,59.625499999999995,92.621642216537
248.0,59.625499999999995,92.31999096321321
248.0,59.625499999999995,92.31999096321321
249.0,59.947799999999994,92.01254230691146
249.0,59.947799999999994,92.01254230691146
250.01,59.947799999999994,91.69615417377194
250.01,59.947799999999994,91.69615417377194
252.01,60.27009999999999,91.05233065520552
252.01,60.27009999999999,91.05233065520552
253.01,60.5924,90.72183200142833
253.01,60.27009999999999,90.72183200142833
255.0,60.5924,90.0472114168805
255.0,60.5924,90.0472114168805
256.0,60.914699999999996,89.69974176183042
256.0,60.914699999999996,89.69974176183042
257.01,60.914699999999996,89.34307985079306
257.01,60.914699999999996,89.34307985079306
258.01,60.914699999999996,88.98431065651653
258.01,60.914699999999996,88.98431065651653
259.01,61.236999999999995,88.61995352941841
259.01,61.236999999999995,88.61995352941841
261.02,61.55929999999999,87.87078480138207
261.02,61.236999999999995,87.87078480138207
262.05,61.55929999999999,87.47823136968499
262.05,61.55929999999999,87.47823136968499
264.0,61.55929999999999,86.71910838113715
264.0,61.55929999999999,86.71910838113715
265.07,61.88159999999999,86.2937537195193
265.07,61.88159999999999,86.2937537195193
267.0,61.88159999999999,85.51085830340557
267.0,61.88159999999999,85.51085830340557
268.05,61.88159999999999,85.07651791539784
268.05,62.2039,85.07651791539784
269.0,62.2039,84.6784670416306
269.0,62.2039,84.6784670416306
270.0,62.2039,84.25428194974123
270.0,62.2039,84.25428194974123
271.01,62.2039,83.8204845678298
271.01,62.2039,83.8204845678298
273.0,62.526199999999996,82.95008947154247
273.0,62.526199999999996,82.95008947154247
274.0,62.526199999999996,82.5049039105522
274.0,62.526199999999996,82.5049039105522
275.0,62.526199999999996,82.05453730295828
275.0,62.526199999999996,82.05453730295828
276.0,62.848499999999994,81.59901793035702
276.0,62.848499999999994,81.59901793035702
277.0,62.848499999999994,81.13837439792194
277.0,62.848499999999994,81.13837439792194
279.0,62.848499999999994,80.2018308813333
279.0,62.848499999999994,80.2018308813333
280.06,62.848499999999994,79.69727973150087
280.06,63.17079999999999,79.69727973150087
282.01,63.17079999999999,78.75443467356946
282.01,63.17079999999999,78.75443467356946
283.03,63.17079999999999,78.25374886187386
283.03,63.17079999999999,78.25374886187386
285.02,63.17079999999999,77.26223336826057
285.02,63.4931,77.26223336826057
286.0,63.4931,76.76687309156718
286.0,63.4931,76.76687309156718
287.01,63.4931,76.25150446602716
287.01,63.4931,76.25150446602716
288.01,63.4931,75.73642609785335
288.01,63.4931,75.73642609785335
289.03,63.4931,75.20614674694512
289.03,63.4931,75.20614674694512
291.0,63.8154,74.1681014102581
291.0,63.4931,74.1681014102581
292.02,63.8154,73.6235180101779
292.02,63.4931,73.6235180101779
293.05,63.8154,73.06871460296168
293.05,63.8154,73.06871460296168
294.01,63.8154,72.54723260458564
294.01,63.8154,72.54723260458564
295.0,63.8154,72.00505719868279
295.0,63.8154,72.00505719868279
297.05,63.8154,70.86831934494869
297.05,63.8154,70.86831934494869
298.0,63.8154,70.33517842957939
298.0,63.8154,70.33517842957939
300.0,64.1377,69.19978352416001
300.0,64.1377,69.19978352416001
301.02,64.1377,68.61402113716323
301.02,63.8154,68.61402113716323
302.0,64.1377,68.04700678285876
302.0,64.1377,68.04700678285876
303.12,64.1377,67.39396717374765
303.12,64.1377,67.39396717374765
304.01,64.1377,66.87124596625574
304.01,64.1377,66.87124596625574
306.04,64.1377,65.66656766665501
306.04,64.1377,65.66656766665501
307.04,64.1377,65.06686329432007
307.04,64.1377,65.06686329432007
308.0,64.1377,64.48730251997651
308.0,64.1377,64.48730251997651
309.01,64.1377,63.87352817579165
309.01,64.1377,63.87352817579165
310.01,64.1377,63.26179956675164
310.01,64.1377,63.26179956675164
312.03,64.1377,62.01403052667458
312.03,64.1377,62.01403052667458
313.0,64.1377,61.409187254489005
313.0,64.1377,61.409187254489005
315.03,64.1377,60.1316811742562
315.03,64.1377,60.1316811742562
316.01,64.1377,59.50936429780964
316.01,64.1377,59.50936429780964
317.04,64.1377,58.85142889543329
317.04,64.1377,58.85142889543329
318.0,64.1377,58.23467653601313
318.0,64.1377,58.23467653601313
319.03,64.1377,57.56920578915935
319.03,64.1377,57.56920578915935
321.01,64.1377,56.279217022537345
321.01,64.1377,56.279217022537345
322.04,64.1377,55.60266365126011
322.04,64.1377,55.60266365126011
323.01,64.1377,54.96213343261501
323.01,63.8154,54.96213343261501
324.04,64.1377,54.27842865321897
324.04,63.8154,54.27842865321897
325.03,63.8154,53.61786678639231
325.03,64.1377,53.61786678639231
327.05,63.8154,52.25986152352499
327.05,63.8154,52.25986152352499
328.01,63.8154,51.609757271132075
328.01,63.8154,51.609757271132075
330.03,63.8154,50.2321204579256
330.03,63.8154,50.2321204579256
331.0,63.8154,49.565985818888116
331.0,63.4931,49.565985818888116
333.0,63.4931,48.18331212116139
333.0,63.4931,48.18331212116139
334.0,63.4931,47.48741487818431
334.0,63.4931,47.48741487818431
336.02,63.4931,46.07265208551562
336.02,63.4931,46.07265208551562
337.0,63.4931,45.38200652805352
337.0,63.4931,45.38200652805352
338.01,63.17079999999999,44.667355252153776
338.01,63.4931,44.667355252153776
339.01,63.17079999999999,43.956960589205195
339.01,63.17079999999999,43.956960589205195
340.0,63.17079999999999,43.25095063545424
340.0,63.17079999999999,43.25095063545424
341.01,63.17079999999999,42.52793497355445
341.01,63.17079999999999,42.52793497355445
343.0,62.848499999999994,41.095451561997756
343.0,62.848499999999994,41.095451561997756
344.0,62.848499999999994,40.37173021699667
344.0,62.848499999999994,40.37173021699667
345.01,62.848499999999994,39.63819844094472
345.01,62.848499999999994,39.63819844094472
346.01,62.848499999999994,38.90942760376498
346.01,62.526199999999996,38.90942760376498
347.0,62.848499999999994,38.18553746417891
347.0,62.526199999999996,38.18553746417891
349.0,62.526199999999996,36.716009700562246
349.0,62.526199999999996,36.716009700562246
350.0,62.526199999999996,35.97776423776104
350.0,62.526199999999996,35.97776423776104
351.01,62.2039,35.229843185620524
351.01,62.2039,35.229843185620524
352.0,62.2039,34.49454194464382
352.0,62.2039,34.49454194464382
353.01,62.2039,33.7421986382107
353.01,62.2039,33.7421986382107
355.0,61.88159999999999,32.253579673230284
355.0,61.88159999999999,32.253579673230284
356.01,61.88159999999999,31.494957649770118
356.01,61.88159999999999,31.494957649770118
357.01,61.55929999999999,30.741858904848357
357.01,61.88159999999999,30.741858904848357
358.04,61.55929999999999,29.96414946077391
358.04,61.55929999999999,29.96414946077391
359.0,61.55929999999999,29.237495642790577
359.0,61.55929999999999,29.237495642790577
361.02,61.236999999999995,27.703019509347776
361.02,61.236999999999995,27.703019509347776
362.05,61.236999999999995,26.91783128045503
362.05,61.236999999999995,26.91783128045503
364.03,60.914699999999996,25.403448504444228
364.03,60.914699999999996,25.403448504444228
365.04,60.914699999999996,24.62852809027304
365.04,60.914699999999996,24.62852809027304
367.01,60.5924,23.112555290114262
367.01,60.5924,23.112555290114262
368.0,60.5924,22.34857150717609
368.0,60.27009999999999,22.34857150717609
370.01,60.27009999999999,20.793271374182424
370.01,60.27009999999999,20.793271374182424
371.0,59.947799999999994,20.025264428626517
371.0,59.947799999999994,20.025264428626517
372.0,59.947799999999994,19.24824876324195
372.0,59.947799999999994,19.24824876324195
373.06,59.625499999999995,18.423293534306794
373.06,59.625499999999995,18.423293534306794
374.08,59.625499999999995,17.62824073462043
374.08,59.625499999999995,17.62824073462043
376.0,59.3032,16.128587872603948
376.0,59.3032,16.128587872603948
377.0,59.3032,15.346017975234016
377.0,58.9809,15.346017975234016
379.0,58.9809,13.778036339975266
379.0,58.9809,13.778036339975266
380.0,58.65859999999999,12.992723066365992
380.0,58.65859999999999,12.992723066365992
381.0,58.65859999999999,12.206593890906953
381.0,58.65859999999999,12.206593890906953
382.0,58.336299999999994,11.41969818002009
382.0,58.336299999999994,11.41969818002009
383.01,58.336299999999994,10.624205765795605
383.01,58.336299999999994,10.624205765795605
385.03,58.013999999999996,9.031230210103288
385.03,58.013999999999996,9.031230210103288
386.06,57.6917,8.218053894145207
386.06,57.6917,8.218053894145207
388.0,57.3694,6.68499686425655
388.0,57.3694,6.68499686425655
389.01,57.3694,5.886210609860093
389.01,57.3694,5.886210609860093
390.0,57.04709999999999,5.102875638163312
390.0,57.04709999999999,5.102875638163312
391.0,56.724799999999995,4.311309514618169
391.0,56.724799999999995,4.311309514618169
392.0,56.724799999999995,3.519472654492982
392.0,56.724799999999995,3.519472654492982
394.04,56.402499999999996,1.9034936131204057
394.04,56.402499999999996,1.9034936131204057
395.02,56.0802,1.1269870581865635
395.02,56.0802,1.1269870581865635
397.0,55.75789999999999,0.0
397.0,55.75789999999999,0.0
398.0,55.435599999999994,0.0
398.0,55.75789999999999,0.0
399.0,55.435599999999994,0.0
399.0,55.435599999999994,0.0
400.0,55.113299999999995,0.0
400.0,55.113299999999995,0.0
401.01,55.113299999999995,0.0
401.01,55.113299999999995,0.0
403.0,54.4687,0.0
403.0,54.791,0.0
404.01,54.4687,0.0
404.01,54.4687,0.0
405.0,54.14639999999999,0.0
405.0,54.14639999999999,0.0
406.0,54.14639999999999,0.0
406.0,54.14639999999999,0.0
407.01,53.824099999999994,0.0
407.01,53.824099999999994,0.0
409.01,53.501799999999996,0.0
409.01,53.501799999999996,0.0
410.03,53.1795,0.0
410.03,53.1795,0.0
411.01,52.8572,0.0
411.01,52.8572,0.0
412.01,52.8572,0.0
412.01,52.8572,0.0
413.0,52.53489999999999,0.0
413.0,52.53489999999999,0.0
415.01,52.212599999999995,0.0
415.01,52.212599999999995,0.0
416.03,51.890299999999996,0.0
416.03,51.890299999999996,0.0
417.01,51.890299999999996,0.0
417.01,51.890299999999996,0.0
418.0,51.568,0.0
418.0,51.568,0.0
419.07,51.2457,0.0
419.07,51.2457,0.0
421.0,50.923399999999994,0.0
421.0,50.923399999999994,0.0
422.0,50.601099999999995,0.0
422.0,50.923399999999994,0.0
423.01,50.601099999999995,0.0
423.01,50.601099999999995,0.0
425.0,50.2788,0.0
425.0,50.2788,0.0
426.0,49.9565,0.0
426.0,49.9565,0.0
427.01,49.63419999999999,0.0
427.01,49.9565,0.0
428.0,49.63419999999999,0.0
428.0,49.63419999999999,0.0
429.01,49.311899999999994,0.0
429.01,49.311899999999994,0.0
431.0,48.989599999999996,0.0
431.0,48.989599999999996,0.0
432.0,48.989599999999996,0.0
432.0,48.989599999999996,0.0
434.0,48.345,0.0
434.0,48.345,0.0
435.0,48.345,0.0
435.0,48.345,0.0
436.0,48.02269999999999,0.0
436.0,48.02269999999999,0.0
437.02,48.02269999999999,0.0
437.02,48.02269999999999,0.0
438.01,47.700399999999995,0.0
438.01,47.700399999999995,0.0
440.0,47.378099999999996,0.0
440.0,47.378099999999996,0.0
441.0,47.0558,0.0
441.0,47.0558,0.0
443.0,46.7335,0.0
443.0,46.7335,0.0
444.0,46.411199999999994,0.0
444.0,46.411199999999994,0.0
446.0,46.411199999999994,0.0
446.0,46.088899999999995,0.0
447.0,46.088899999999995,0.0
447.0,46.088899999999995,0.0
448.01,45.7666,0.0
448.01,45.7666,0.0
449.0,45.7666,0.0
449.0,45.7666,0.0
450.01,45.4443,0.0
450.01,45.4443,0.0
451.01,45.4443,0.0
451.01,45.4443,0.0
452.01,45.122,0.0
452.01,45.122,0.0
453.13,45.122,0.0
453.13,44.799699999999994,0.0
456.01,44.477399999999996,0.0
456.01,44.477399999999996,0.0
457.01,44.477399999999996,0.0
457.01,44.477399999999996,0.0
458.0,44.1551,0.0
458.0,44.1551,0.0
459.08,43.8328,0.0
459.08,43.8328,0.0
460.08,43.8328,0.0
460.08,43.8328,0.0
462.0,43.51049999999999,0.0
462.0,43.51049999999999,0.0
463.0,43.188199999999995,0.0
463.0,43.51049999999999,0.0
464.01,43.188199999999995,0.0
464.01,43.188199999999995,0.0
465.0,43.188199999999995,0.0
465.0,42.865899999999996,0.0
466.01,42.865899999999996,0.0
466.01,42.865899999999996,0.0
468.0,42.5436,0.0
468.0,42.5436,0.0
469.0,42.5436,0.0
469.0,42.2213,0.0
470.0,42.2213,0.0
470.0,42.2213,0.0
471.05,42.2213,0.0
471.05,42.2213,0.0
472.01,41.898999999999994,0.0
472.01,41.898999999999994,0.0
474.0,41.576699999999995,0.0
474.0,41.576699999999995,0.0
475.0,41.576699999999995,0.0
475.0,41.576699999999995,0.0
477.01,41.2544,0.0
477.01,41.2544,0.0
478.0,41.2544,0.0
478.0,40.9321,0.0
480.0,40.9321,0.0
480.0,40.9321,0.0
481.03,40.6098,0.0
481.03,40.6098,0.0
482.01,40.6098,0.0
482.01,40.6098,0.0
483.02,40.287499999999994,0.0
483.02,40.287499999999994,0.0
484.01,40.287499999999994,0.0
484.01,40.287499999999994,0.0
486.0,39.965199999999996,0.0
486.0,39.965199999999996,0.0
487.01,39.965199999999996,0.0
487.01,39.965199999999996,0.0
489.0,39.6429,0.0
489.0,39.6429,0.0
490.0,39.3206,0.0
490.0,39.3206,0.0
492.03,38.9983,0.0
492.03,38.9983,0.0
493.01,38.9983,0.0
493.01,38.9983,0.0
494.0,38.9983,0.0
494.0,38.9983,0.0
495.01,38.675999999999995,0.0
495.01,38.675999999999995,0.0
496.0,38.675999999999995,0.0
496.0,38.675999999999995,0.0
498.0,38.353699999999996,0.0
498.0,38.353699999999996,0.0
499.01,38.353699999999996,0.0
499.01,38.353699999999996,0.0
500.0,38.0314,0.0
500.0,38.0314,0.0
501.0,38.0314,0.0
501.0,38.0314,0.0
502.01,37.7091,0.0
502.01,38.0314,0.0
504.0,37.7091,0.0
504.0,37.7091,0.0
505.01,37.386799999999994,0.0
505.01,37.386799999999994,0.0
507.04,37.386799999999994,0.0
507.04,37.386799999999994,0.0
508.0,37.064499999999995,0.0
508.0,37.064499999999995,0.0
509.0,37.064499999999995,0.0
509.0,37.064499999999995,0.0
510.0,37.064499999999995,0.0
510.0,37.064499999999995,0.0
511.01,36.7422,0.0
511.01,36.7422,0.0
512.04,36.7422,0.0
512.04,36.7422,0.0
514.0,36.4199,0.0
514.0,36.4199,0.0
515.0,36.4199,0.0
515.0,36.4199,0.0
517.0,36.0976,0.0
517.0,36.0976,0.0
518.0,36.0976,0.0
518.0,36.0976,0.0
519.0,36.0976,0.0
519.0,35.775299999999994,0.0
520.06,35.775299999999994,0.0
520.06,35.775299999999994,0.0
521.01,35.775299999999994,0.0
521.01,35.775299999999994,0.0
523.0,35.452999999999996,0.0
523.0,35.452999999999996,0.0
524.06,35.452999999999996,0.0
524.06,35.452999999999996,0.0
526.0,35.1307,0.0
526.0,35.1307,0.0
527.01,35.1307,0.0
527.01,35.1307,0.0
529.05,34.8084,0.0
529.05,34.8084,0.0
530.0,34.8084,0.0
530.0,34.8084,0.0
531.03,34.8084,0.0
531.03,34.8084,0.0
532.0,34.4861,0.0
532.0,34.4861,0.0
533.07,34.4861,0.0
533.07,34.4861,0.0
534.05,34.4861,0.0
534.05,34.4861,0.0
536.02,34.163799999999995,0.0
536.02,34.163799999999995,0.0
537.01,34.163799999999995,0.0
537.01,34.163799999999995,0.0
539.0,33.841499999999996,0.0
539.0,33.841499999999996,0.0
540.14,33.841499999999996,0.0
540.14,33.841499999999996,0.0
542.01,33.841499999999996,0.0
542.01,33.841499999999996,0.0
543.05,33.5192,0.0
543.05,33.5192,0.0
544.0,33.5192,0.0
544.0,33.5192,0.0
545.0,33.5192,0.0
545.0,33.5192,0.0
546.01,33.1969,0.0
546.01,33.1969,0.0
548.0,33.1969,0.0
548.0,33.1969,0.0
549.01,33.1969,0.0
549.01,32.8746,0.0
551.01,32.8746,0.0
551.01,32.8746,0.0
552.01,32.552299999999995,0.0
552.01,32.552299999999995,0.0
553.0,32.552299999999995,0.0
553.0,32.8746,0.0
554.01,32.552299999999995,0.0
554.01,32.552299999999995,0.0
555.04,32.552299999999995,0.0
555.04,32.552299999999995,0.0
557.0,32.23,0.0
557.0,32.23,0.0
558.0,32.23,0.0
558.0,32.23,0.0
559.0,32.23,0.0
559.0,32.23,0.0
560.01,32.23,0.0
560.01,32.23,0.0
561.01,31.9077,0.0
561.01,32.23,0.0
563.0,31.9077,0.0
563.0,31.9077,0.0
564.0,31.585399999999996,0.0
564.0,31.9077,0.0
565.01,31.585399999999996,0.0
565.01,31.585399999999996,0.0
566.01,31.585399999999996,0.0
566.01,31.585399999999996,0.0
567.01,31.585399999999996,0.0
567.01,31.585399999999996,0.0
569.0,31.585399999999996,0.0
569.0,31.263099999999998,0.0
570.0,31.263099999999998,0.0
570.0,31.263099999999998,0.0
572.0,31.263099999999998,0.0
572.0,31.263099999999998,0.0
573.0,31.263099999999998,0.0
573.0,30.940799999999996,0.0
575.03,30.940799999999996,0.0
575.03,30.940799999999996,0.0
576.0,30.940799999999996,0.0
576.0,30.940799999999996,0.0
577.0,30.940799999999996,0.0
577.0,30.940799999999996,0.0
578.0,30.940799999999996,0.0
578.0,30.940799999999996,0.0
579.0,30.618499999999997,0.0
579.0,30.618499999999997,0.0
580.05,30.618499999999997,0.0
580.05,30.618499999999997,0.0
582.0,30.618499999999997,0.0
582.0,30.618499999999997,0.0
583.03,30.2962,0.0
583.03,30.2962,0.0
584.0,30.2962,0.0
584.0,30.2962,0.0
585.0,30.2962,0.0
585.0,30.2962,0.0
586.01,30.2962,0.0
586.01,30.2962,0.0
588.0,30.2962,0.0
588.0,29.973899999999997,0.0
589.03,29.973899999999997,0.0
589.03,29.973899999999997,0.0
590.01,29.973899999999997,0.0
590.01,29.973899999999997,0.0
591.01,29.973899999999997,0.0
591.01,29.973899999999997,0.0
592.01,29.973899999999997,0.0
592.01,29.6516,0.0
594.04,29.6516,0.0
594.04,29.6516,0.0
595.0,29.6516,0.0
595.0,29.6516,0.0
596.01,29.6516,0.0
596.01,29.6516,0.0
597.01,29.6516,0.0
597.01,29.329299999999996,0.0
598.0,29.329299999999996,0.0
598.0,29.329299999999996,0.0
600.0,29.329299999999996,0.0
600.0,29.329299999999996,0.0
601.02,29.329299999999996,0.0
601.02,29.329299999999996,0.0
602.01,29.329299999999996,0.0
602.01,29.329299999999996,0.0
603.01,29.006999999999998,0.0
603.01,29.329299999999996,0.0
604.01,29.006999999999998,0.0
604.01,29.006999999999998,0.0
606.02,29.006999999999998,0.0
606.02,29.006999999999998,0.0
607.01,29.006999999999998,0.0
607.01,28.6847,0.0
608.01,28.6847,0.0
608.01,28.6847,0.0
609.07,28.6847,0.0
609.07,28.6847,0.0
610.05,28.6847,0.0
610.05,28.6847,0.0
612.0,28.6847,0.0
612.0,28.6847,0.0
613.01,28.6847,0.0
613.01,28.362399999999997,0.0
615.0,28.362399999999997,0.0
615.0,28.362399999999997,0.0
616.01,28.362399999999997,0.0
616.01,28.362399999999997,0.0
617.0,28.362399999999997,0.0
617.0,28.362399999999997,0.0
618.01,28.362399999999997,0.0
618.01,28.362399999999997,0.0
619.01,28.362399999999997,0.0
619.01,28.362399999999997,0.0
621.02,28.0401,0.0
621.02,28.0401,0.0
622.0,28.0401,0.0
622.0,28.0401,0.0
624.0,28.0401,0.0
624.0,28.0401,0.0
625.0,27.717799999999997,0.0
625.0,28.0401,0.0
626.0,28.0401,0.0
626.0,27.717799999999997,0.0
627.0,28.0401,0.0
627.0,27.717799999999997,0.0
628.01,27.717799999999997,0.0
628.01,27.717799999999997,0.0
630.03,27.717799999999997,0.0
630.03,27.717799999999997,0.0
631.04,27.717799999999997,0.0
631.04,27.717799999999997,0.0
633.01,27.3955,0.0
633.01,27.717799999999997,0.0
634.04,27.3955,0.0
634.04,27.3955,0.0
636.0,27.3955,0.0
636.0,27.3955,0.0
637.01,27.3955,0.0
637.01,27.3955,0.0
638.0,27.3955,0.0
638.0,27.3955,0.0
639.06,27.3955,0.0
639.06,27.3955,0.0
640.06,27.073199999999996,0.0
640.06,27.073199999999996,0.0
642.0,27.073199999999996,0.0
642.0,27.073199999999996,0.0
643.01,27.073199999999996,0.0
643.01,27.073199999999996,0.0
644.0,27.073199999999996,0.0
644.0,27.073199999999996,0.0
645.01,27.073199999999996,0.0
645.01,27.073199999999996,0.0
646.0,27.073199999999996,0.0
646.0,27.073199999999996,0.0
648.01,26.750899999999998,0.0
648.01,26.750899999999998,0.0
649.01,26.750899999999998,0.0
649.01,26.750899999999998,0.0
651.05,26.750899999999998,0.0
651.05,26.750899999999998,0.0
652.03,26.750899999999998,0.0
652.03,26.750899999999998,0.0
653.01,26.750899999999998,0.0
653.01,26.750899999999998,0.0
654.05,26.4286,0.0
654.05,26.4286,0.0
655.01,26.4286,0.0
655.01,26.750899999999998,0.0
657.0,26.4286,0.0
657.0,26.4286,0.0
658.0,26.4286,0.0
658.0,26.4286,0.0
659.0,26.4286,0.0
659.0,26.4286,0.0
660.0,26.4286,0.0
660.0,26.4286,0.0
661.01,26.4286,0.0
661.01,26.4286,0.0
663.01,26.106299999999997,0.0
663.01,26.106299999999997,0.0
664.03,26.106299999999997,0.0
664.03,26.106299999999997,0.0
665.02,26.106299999999997,0.0
665.02,26.106299999999997,0.0
666.05,26.106299999999997,0.0
666.05,26.106299999999997,0.0
667.01,26.106299999999997,0.0
667.01,26.106299999999997,0.0
669.03,26.106299999999997,0.0
669.03,26.106299999999997,0.0
670.03,26.106299999999997,0.0
670.03,26.106299999999997,0.0
672.03,25.784,0.0
672.03,25.784,0.0
673.0,25.784,0.0
673.0,25.784,0.0
674.0,25.784,0.0
674.0,25.784,0.0
675.01,25.784,0.0
675.01,25.784,0.0
676.02,25.784,0.0
676.02,25.784,0.0
677.02,25.784,0.0
677.02,25.784,0.0
679.0,25.784,0.0
679.0,25.784,0.0
680.05,25.461699999999997,0.0
680.05,25.784,0.0
681.01,25.784,0.0
681.01,25.784,0.0
682.05,25.461699999999997,0.0
682.05,25.461699999999997,0.0
683.06,25.461699999999997,0.0
683.06,25.461699999999997,0.0
685.0,25.461699999999997,0.0
685.0,25.461699999999997,0.0
686.0,25.461699999999997,0.0
686.0,25.461699999999997,0.0
687.0,25.461699999999997,0.0
687.0,25.461699999999997,0.0
688.01,25.461699999999997,0.0
688.01,25.461699999999997,0.0
689.0,25.461699999999997,0.0
689.0,25.461699999999997,0.0
691.0,25.1394,0.0
691.0,25.1394,0.0
692.06,25.1394,0.0
692.06,25.1394,0.0
694.0,25.1394,0.0
694.0,25.1394,0.0
695.0,25.1394,0.0
695.0,25.1394,0.0
697.0,25.1394,0.0
697.0,25.1394,0.0
698.0,25.1394,0.0
698.0,25.1394,0.0
699.01,25.1394,0.0
699.01,25.1394,0.0
700.0,25.1394,0.0
700.0,24.817099999999996,0.0
701.01,24.817099999999996,0.0
701.01,25.1394,0.0
703.0,24.817099999999996,0.0
703.0,24.817099999999996,0.0
704.0,24.817099999999996,0.0
704.0,24.817099999999996,0.0
706.0,24.817099999999996,0.0
706.0,24.817099999999996,0.0
707.0,24.817099999999996,0.0
707.0,24.817099999999996,0.0
708.0,24.817099999999996,0.0
708.0,24.817099999999996,0.0
709.01,24.817099999999996,0.0
709.01,24.817099999999996,0.0
710.01,24.817099999999996,0.0
710.01,24.817099999999996,0.0
711.01,24.494799999999998,0.0
711.01,24.817099999999996,0.0
713.0,24.494799999999998,0.0
713.0,24.494799999999998,0.0
714.0,24.494799999999998,0.0
714.0,24.494799999999998,0.0
715.01,24.494799999999998,0.0
715.01,24.817099999999996,0.0
716.0,24.494799999999998,0.0
716.0,24.494799999999998,0.0
717.0,24.494799999999998,0.0
717.0,24.494799999999998,0.0
719.0,24.494799999999998,0.0
719.0,24.494799999999998,0.0
720.01,24.494799999999998,0.0
720.01,24.494799999999998,0.0
722.0,24.494799999999998,0.0
722.0,24.494799999999998,0.0
723.0,24.494799999999998,0.0
723.0,24.494799999999998,0.0
724.0,24.1725,0.0
724.0,24.494799999999998,0.0
725.0,24.494799999999998,0.0
725.0,24.1725,0.0
726.0,24.1725,0.0
726.0,24.1725,0.0
727.0,24.1725,0.0
727.0,24.1725,0.0
729.0,24.1725,0.0
729.0,24.1725,0.0
730.0,24.1725,0.0
730.0,24.1725,0.0
732.01,24.1725,0.0
732.01,24.1725,0.0
733.08,24.1725,0.0
733.08,24.1725,0.0
735.05,24.1725,0.0
735.05,24.1725,0.0
736.03,23.850199999999997,0.0
736.03,24.1725,0.0
738.0,23.850199999999997,0.0
738.0,23.850199999999997,0.0
739.01,23.850199999999997,0.0
739.01,23.850199999999997,0.0
740.01,23.850199999999997,0.0
740.01,24.1725,0.0
741.02,24.1725,0.0
741.02,23.850199999999997,0.0
742.0,23.850199999999997,0.0
742.0,23.850199999999997,0.0
744.01,23.850199999999997,0.0
744.01,23.850199999999997,0.0
745.0,23.850199999999997,0.0
745.0,23.850199999999997,0.0
746.01,23.850199999999997,0.0
746.01,23.850199999999997,0.0
747.01,23.850199999999997,0.0
747.01,23.850199999999997,0.0
748.02,23.850199999999997,0.0
748.02,23.850199999999997,0.0
750.0,23.5279,0.0
750.0,23.850199999999997,0.0
751.01,23.5279,0.0
751.01,23.850199999999997,0.0
753.0,23.850199999999997,0.0
753.0,23.5279,0.0
754.0,23.5279,0.0
754.0,23.850199999999997,0.0
756.0,23.5279,0.0
756.0,23.5279,0.0
757.0,23.5279,0.0
757.0,23.5279,0.0
758.01,23.5279,0.0
758.01,23.5279,0.0
759.01,23.5279,0.0
759.01,23.5279,0.0
760.01,23.5279,0.0
760.01,23.5279,0.0
762.0,23.5279,0.0
762.0,23.5279,0.0
763.03,23.5279,0.0
763.03,23.5279,0.0
765.03,23.5279,0.0
765.03,23.5279,0.0
766.0,23.5279,0.0
766.0,23.5279,0.0
767.0,23.5279,0.0
767.0,23.5279,0.0
768.03,23.5279,0.0
768.03,23.5279,0.0
769.0,23.205599999999997,0.0
769.0,23.5279,0.0
771.0,23.205599999999997,0.0
771.0,23.205599999999997,0.0
772.0,23.205599999999997,0.0
772.0,23.205599999999997,0.0
774.0,23.205599999999997,0.0
774.0,23.205599999999997,0.0
775.0,23.205599999999997,0.0
775.0,23.205599999999997,0.0
776.0,23.205599999999997,0.0
776.0,23.205599999999997,0.0
777.01,23.205599999999997,0.0
777.01,23.205599999999997,0.0
778.01,23.205599999999997,0.0
778.01,23.205599999999997,0.0
779.01,23.205599999999997,0.0
779.01,23.205599999999997,0.0
781.0,23.205599999999997,0.0
781.0,23.205599999999997,0.0
782.0,23.205599999999997,0.0
782.0,23.205599999999997,0.0
783.0,23.205599999999997,0.0
783.0,23.205599999999997,0.0
784.01,23.205599999999997,0.0
784.01,23.205599999999997,0.0
785.01,23.205599999999997,0.0
785.01,23.205599999999997,0.0
787.01,23.205599999999997,0.0
787.01,23.205599999999997,0.0
788.02,22.8833,0.0
788.02,23.205599999999997,0.0
789.02,22.8833,0.0
789.02,23.205599999999997,0.0
791.0,23.205599999999997,0.0
791.0,22.8833,0.0
792.01,23.205599999999997,0.0
792.01,22.8833,0.0
794.0,22.8833,0.8840551730909983
794.0,22.8833,0.8840551730909983
795.03,22.8833,1.700204759639243
795.03,22.8833,1.700204759639243
797.02,22.8833,3.276668790491773
797.02,22.8833,3.276668790491773
798.01,22.8833,4.060660776193151
798.01,22.8833,4.060660776193151
799.0,22.8833,4.8444028396682635
799.0,22.8833,4.8444028396682635
801.0,22.8833,6.4267605179174865
801.0,22.8833,6.4267605179174865
802.02,22.8833,7.233166331506609
802.02,22.8833,7.233166331506609
803.0,22.8833,8.007503900703838
803.0,22.8833,8.007503900703838
804.0,22.8833,8.79714613258312
804.0,22.8833,8.79714613258312
805.05,22.8833,9.625675031136865
805.05,22.8833,9.625675031136865
806.0,22.8833,10.374723745274451
806.0,22.8833,10.374723745274451
808.0,22.8833,11.949695399734663
808.0,22.8833,11.949695399734663
809.0,22.8833,12.736080337243136
809.0,22.8833,12.736080337243136
811.0,22.8833,14.306401523502926
811.0,22.8833,14.306401523502926
812.0,22.8833,15.090239161058264
812.0,22.8833,15.090239161058264
813.0,22.8833,15.87312917939768
813.0,22.8833,15.87312917939768
814.0,22.8833,16.65502241550817
814.0,22.8833,16.65502241550817
815.04,22.8833,17.467081214973994
815.04,22.8833,17.467081214973994
817.0,22.8833,18.994230757752046
817.0,22.8833,18.994230757752046
818.0,22.8833,19.771646532936213
818.0,22.8833,19.771646532936213
820.0,22.8833,21.322704551718168
820.0,22.8833,21.322704551718168
821.0,22.8833,22.096249393785786
821.0,22.8833,22.096249393785786
822.0,22.8833,22.86840666138884
822.0,23.205599999999997,22.86840666138884
824.0,23.205599999999997,24.408364607259777
824.0,23.205599999999997,24.408364607259777
825.01,23.205599999999997,25.183737717108002
825.01,23.205599999999997,25.183737717108002
826.01,23.205599999999997,25.94984466064455
826.01,23.205599999999997,25.94984466064455
827.0,23.205599999999997,26.706685486464544
827.0,23.205599999999997,26.706685486464544
828.0,23.205599999999997,27.46950230020186
828.0,23.205599999999997,27.46950230020186
829.01,23.205599999999997,28.238196161331487
829.01,23.205599999999997,28.238196161331487
831.01,23.5279,29.754977320817588
831.01,23.5279,29.754977320817588
832.01,23.5279,30.510588906760766
832.01,23.5279,30.510588906760766
834.0,23.5279,32.00850939419287
834.0,23.5279,32.00850939419287
835.0,23.5279,32.75825154764483
835.0,23.850199999999997,32.75825154764483
836.0,23.850199999999997,33.50593658667235
836.0,23.850199999999997,33.50593658667235
838.0,23.850199999999997,34.994947644575205
838.0,23.850199999999997,34.994947644575205
839.0,23.850199999999997,35.736180158272965
839.0,23.850199999999997,35.736180158272965
840.0,24.1725,36.4751685530632
840.0,23.850199999999997,36.4751685530632
841.0,24.1725,37.21186642281554
841.0,24.1725,37.21186642281554
842.0,24.1725,37.94622750523767
842.0,24.1725,37.94622750523767
843.01,24.1725,38.685513277263205
843.01,24.1725,38.685513277263205
845.0,24.494799999999998,40.134829624106004
845.0,24.494799999999998,40.134829624106004
846.0,24.494799999999998,40.85938391252098
846.0,24.494799999999998,40.85938391252098
848.0,24.817099999999996,42.30074963114185
848.0,24.817099999999996,42.30074963114185
849.0,24.817099999999996,43.01747054814654
849.0,24.817099999999996,43.01747054814654
850.01,24.817099999999996,43.738616506108535
850.01,24.817099999999996,43.738616506108535
851.0,25.1394,44.44276346135528
851.0,25.1394,44.44276346135528
852.0,25.1394,45.151245953679386
852.0,25.1394,45.151245953679386
854.01,25.461699999999997,46.56667354318177
854.01,25.461699999999997,46.56667354318177
855.0,25.461699999999997,47.25950423058142
855.0,25.461699999999997,47.25950423058142
857.0,25.784,48.650244568117046
857.0,25.784,48.650244568117046
858.0,25.784,49.34105390126414
858.0,25.784,49.34105390126414
859.0,25.784,50.02876477253049
859.0,26.106299999999997,50.02876477253049
860.0,26.106299999999997,50.71333399585208
860.0,26.106299999999997,50.71333399585208
861.01,26.4286,51.40151620095593
861.01,26.106299999999997,51.40151620095593
863.0,26.4286,52.747762892973974
863.0,26.4286,52.747762892973974
864.0,26.4286,53.419337650003186
864.0,26.750899999999998,53.419337650003186
866.0,26.750899999999998,54.75238150640816
866.0,26.750899999999998,54.75238150640816
867.03,27.073199999999996,55.43355490038275
867.03,27.073199999999996,55.43355490038275
868.0,27.073199999999996,56.07167247427767
868.0,27.073199999999996,56.07167247427767
869.02,27.073199999999996,56.73910842135555
869.02,27.073199999999996,56.73910842135555
870.01,27.3955,57.38336926436865
870.01,27.3955,57.38336926436865
872.03,27.717799999999997,58.68692429024654
872.03,27.717799999999997,58.68692429024654
873.0,28.0401,59.307565025725985
873.0,28.0401,59.307565025725985
875.0,28.0401,60.576134653767745
875.0,28.0401,60.576134653767745
876.0,28.362399999999997,61.20473334018946
876.0,28.362399999999997,61.20473334018946
877.0,28.362399999999997,61.82948856324387
877.0,28.362399999999997,61.82948856324387
878.04,28.6847,62.475114678995844
878.04,28.6847,62.475114678995844
879.07,29.006999999999998,63.11035062171702
879.07,28.6847,63.11035062171702
881.0,29.006999999999998,64.28929384080126
881.0,29.006999999999998,64.28929384080126
882.0,29.329299999999996,64.89424817033897
882.0,29.329299999999996,64.89424817033897
883.07,29.329299999999996,65.5370352979273
883.07,29.6516,65.5370352979273
885.02,29.973899999999997,66.69631929357621
885.02,29.973899999999997,66.69631929357621
886.0,29.973899999999997,67.27293791702846
886.0,29.973899999999997,67.27293791702846
887.0,29.973899999999997,67.85714174193687
887.0,30.2962,67.85714174193687
888.03,30.2962,68.4544164144762
888.03,30.2962,68.4544164144762
889.04,30.618499999999997,69.0356652287867
889.04,30.618499999999997,69.0356652287867
891.0,30.940799999999996,70.15098207222927
891.0,30.940799999999996,70.15098207222927
892.02,30.940799999999996,70.72472390285832
892.02,30.940799999999996,70.72472390285832
893.0,31.263099999999998,71.27161405073377
893.0,31.263099999999998,71.27161405073377
894.01,31.585399999999996,71.8307475967751
894.01,31.263099999999998,71.8307475967751
895.0,31.585399999999996,72.37434378395119
895.0,31.585399999999996,72.37434378395119
897.0,31.9077,73.45889428449408
897.0,31.9077,73.45889428449408
898.01,32.23,73.99959732836584
898.01,32.23,73.99959732836584
900.03,32.552299999999995,75.06674805296734
900.03,32.552299999999995,75.06674805296734
901.02,32.552299999999995,75.58275090481881
901.02,32.8746,75.58275090481881
903.04,33.1969,76.62114195411559
903.04,33.1969,76.62114195411559
904.01,33.1969,77.11281409403111
904.01,33.1969,77.11281409403111
906.02,33.841499999999996,78.11710450360846
906.02,33.841499999999996,78.11710450360846
907.0,33.841499999999996,78.59958718023353
907.0,33.841499999999996,78.59958718023353
908.0,33.841499999999996,79.08702979151127
908.0,34.163799999999995,79.08702979151127
909.0,34.163799999999995,79.56950598785284
909.0,34.163799999999995,79.56950598785284
910.01,34.4861,80.0517349310002
910.01,34.4861,80.0517349310002
911.06,34.8084,80.54762492634097
911.06,34.8084,80.54762492634097
913.05,35.1307,81.47212689528305
913.05,35.1307,81.47212689528305
914.0,35.452999999999996,81.90634133795488
914.0,35.1307,81.90634133795488
915.01,35.452999999999996,82.36288828905568
915.01,35.452999999999996,82.36288828905568
916.07,35.775299999999994,82.8363617183521
916.07,35.775299999999994,82.8363617183521
917.03,36.0976,83.26012502017865
917.03,36.0976,83.26012502017865
919.0,36.4199,84.11460636773711
919.0,36.4199,84.11460636773711
920.06,36.7422,84.56590867793307
920.06,36.7422,84.56590867793307
922.01,37.064499999999995,85.38052674846705
922.01,37.064499999999995,85.38052674846705
923.01,37.386799999999994,85.79038338285919
923.01,37.064499999999995,85.79038338285919
924.0,37.386799999999994,86.19083471137733
924.0,37.386799999999994,86.19083471137733
925.04,37.7091,86.60579696447877
925.04,37.7091,86.60579696447877
926.0,38.0314,86.98361865438284
926.0,38.0314,86.98361865438284
928.03,38.353699999999996,87.76595046277976
928.03,38.353699999999996,87.76595046277976
929.06,38.353699999999996,88.15422431501354
929.06,38.675999999999995,88.15422431501354
931.04,38.9983,88.88409667732982
931.04,38.675999999999995,88.88409667732982
932.0,38.9983,89.23010839699721
932.0,39.3206,89.23010839699721
934.05,39.6429,89.95167481100499
934.05,39.6429,89.95167481100499
935.0,39.6429,90.27802132778439
935.0,39.965199999999996,90.27802132778439
937.04,40.287499999999994,90.96149416194936
937.04,40.287499999999994,90.96149416194936
938.03,40.6098,91.28462317212966
938.03,40.287499999999994,91.28462317212966
939.0,40.6098,91.59577524582886
939.0,40.6098,91.59577524582886
940.03,40.9321,91.92024894601897
940.03,40.9321,91.92024894601897
941.05,40.9321,92.2355375458874
941.05,41.2544,92.2355375458874
943.05,41.576699999999995,92.8362395627029
943.05,41.576699999999995,92.8362395627029
944.0,41.576699999999995,93.11341313949252
944.0,41.898999999999994,93.11341313949252
946.01,42.2213,93.68244085417801
946.01,42.2213,93.68244085417801
947.0,42.5436,93.95398092126705
947.0,42.5436,93.95398092126705
948.0,42.5436,94.22239324818433
948.0,42.5436,94.22239324818433
949.0,42.865899999999996,94.48488870728663
949.0,42.865899999999996,94.48488870728663
950.0,43.188199999999995,94.74145081469067
950.0,43.188199999999995,94.74145081469067
951.0,43.188199999999995,94.99206345910885
951.0,43.188199999999995,94.99206345910885
953.0,43.8328,95.47537778286267
953.0,43.8328,95.47537778286267
954.02,43.8328,95.7126412825584
954.02,43.8328,95.7126412825584
955.02,44.1551,95.9391820993009
955.02,44.1551,95.9391820993009
956.08,44.477399999999996,96.17273731868622
956.08,44.477399999999996,96.17273731868622
957.02,44.799699999999994,96.3741758549219
957.02,44.477399999999996,96.3741758549219
959.0,45.122,96.78097432859909
959.0,45.122,96.78097432859909
960.06,45.122,96.98896948746373
960.06,45.122,96.98896948746373
962.04,45.7666,97.35914747764745
962.04,45.7666,97.35914747764745
963.04,45.7666,97.53700205006201
963.04,46.088899999999995,97.53700205006201
965.01,46.411199999999994,97.86944692998746
965.01,46.411199999999994,97.86944692998746
966.0,46.411199999999994,98.02751315924365
966.0,46.411199999999994,98.02751315924365
968.0,47.0558,98.3284232736509
968.0,47.0558,98.3284232736509
969.01,47.378099999999996,98.47100165138556
969.01,47.0558,98.47100165138556
971.0,47.700399999999995,98.73345689709242
971.0,47.700399999999995,98.73345689709242
972.0,48.02269999999999,98.85607872402579
972.0,47.700399999999995,98.85607872402579
973.0,48.02269999999999,98.97249270237505
973.0,48.02269999999999,98.97249270237505
974.0,48.345,99.08269152171117
974.0,48.345,99.08269152171117
976.04,48.6673,99.28819667558241
976.04,48.6673,99.28819667558241
977.0,48.989599999999996,99.37592977831719
977.0,48.989599999999996,99.37592977831719
978.0,48.989599999999996,99.46120266952717
978.0,48.989599999999996,99.46120266952717
979.01,49.311899999999994,99.54098842405939
979.01,49.311899999999994,99.54098842405939
980.0,49.311899999999994,99.61300594394636
980.0,49.63419999999999,99.61300594394636
981.01,49.63419999999999,99.68016039875715
981.01,49.63419999999999,99.68016039875715
983.0,50.2788,99.79378603551838
983.0,49.9565,99.79378603551838
984.01,50.2788,99.84196290576264
984.01,50.2788,99.84196290576264
985.0,50.601099999999995,99.8829787356459
985.0,50.601099999999995,99.8829787356459
986.0,50.923399999999994,99.91816788555693
986.0,50.923399999999994,99.91816788555693
987.01,50.923399999999994,99.94733994418105
987.01,50.923399999999994,99.94733994418105
989.0,51.2457,99.9860811999295
989.0,51.2457,99.9860811999295
990.0,51.568,99.99616285432248
990.0,51.568,99.99616285432248
992.0,51.890299999999996,99.99748759757388
992.0,51.890299999999996,99.99748759757388
993.0,52.212599999999995,99.98873060324264
993.0,52.212599999999995,99.98873060324264
994.0,52.212599999999995,99.97369463337733
994.0,52.212599999999995,99.97369463337733
995.0,52.53489999999999,99.95238063218925
995.0,52.53489999999999,99.95238063218925
997.0,52.8572,99.89092428380813
997.0,52.8572,99.89092428380813
998.04,53.1795,99.84904981573702
998.04,53.1795,99.84904981573702
999.01,53.501799999999996,99.80388125135343
999.01,53.1795,99.80388125135343
1000.0,53.501799999999996,99.75170079523534
1000.0,53.501799999999996,99.75170079523534
