Time,T1,Q1
0.0,20.949499999999997,0.0
0.0,20.6272,0.0
1.01,20.949499999999997,0.12685023077213148
1.01,20.949499999999997,0.12685023077213148
2.0,20.6272,0.2511883790021759
2.0,20.949499999999997,0.2511883790021759
3.0,20.949499999999997,0.37678207322464896
3.0,20.949499999999997,0.37678207322464896
5.0,20.949499999999997,0.6279674805595109
5.0,20.6272,0.6279674805595109
6.0,20.6272,0.7535587974537578
6.0,20.949499999999997,0.7535587974537578
8.02,20.949499999999997,1.007249426485662
8.02,20.949499999999997,1.007249426485662
9.0,20.6272,1.1303248237677233
9.0,20.949499999999997,1.1303248237677233
11.0,20.949499999999997,1.3814935899821879
11.0,20.949499999999997,1.3814935899821879
12.02,20.949499999999997,1.5095864040792364
12.02,20.949499999999997,1.5095864040792364
13.05,20.949499999999997,1.638932515418319
13.05,20.949499999999997,1.638932515418319
14.18,20.6272,1.780833338558635
14.18,20.949499999999997,1.780833338558635
15.01,20.949499999999997,1.885059108005245
15.01,20.949499999999997,1.885059108005245
17.03,20.6272,2.138708219408237
17.03,20.949499999999997,2.138708219408237
18.06,20.949499999999997,2.2680389560623375
18.06,20.949499999999997,2.2680389560623375
20.0,20.949499999999997,2.5116222909773773
20.0,20.949499999999997,2.5116222909773773
21.05,20.949499999999997,2.643452505210743
21.05,20.949499999999997,2.643452505210743
23.0,20.949499999999997,2.888267675591312
23.0,20.949499999999997,2.888267675591312
24.0,20.949499999999997,3.013807289307618
24.0,20.949499999999997,3.013807289307618
25.01,20.949499999999997,3.1405974729850192
25.01,20.949499999999997,3.1405974729850192
26.0,20.949499999999997,3.264872056845445
26.0,20.949499999999997,3.264872056845445
27.0,20.949499999999997,3.3903968146391206
27.0,20.949499999999997,3.3903968146391206
29.0,20.949499999999997,3.641430088266843
29.0,20.949499999999997,3.641430088266843
30.0,20.949499999999997,3.7669382081227205
30.0,20.949499999999997,3.7669382081227205
31.0,20.949499999999997,3.8924403860360584
31.0,20.949499999999997,3.8924403860360584
32.07,20.949499999999997,4.026720911645955
32.07,20.949499999999997,4.026720911645955
33.07,20.949499999999997,4.152210160721272
33.07,20.949499999999997,4.152210160721272
35.06,20.949499999999997,4.4019140864652035
35.06,20.949499999999997,4.4019140864652035
36.0,20.949499999999997,4.519855217990506
36.0,20.949499999999997,4.519855217990506
38.03,20.949499999999997,4.774536165106823
38.03,20.949499999999997,4.774536165106823
39.02,20.949499999999997,4.898729017781523
39.02,20.949499999999997,4.898729017781523
40.0,20.949499999999997,5.021659938746521
40.0,20.949499999999997,5.021659938746521
41.01,20.949499999999997,5.148346088839597
41.01,20.949499999999997,5.148346088839597
42.01,20.949499999999997,5.273769759707022
42.01,20.949499999999997,5.273769759707022
44.01,21.2718,5.524591947187614
44.01,20.949499999999997,5.524591947187614
45.01,20.949499999999997,5.649990068155578
45.01,20.949499999999997,5.649990068155578
46.0,21.2718,5.77412542954588
46.0,20.949499999999997,5.77412542954588
47.01,21.2718,5.9007593755364685
47.01,20.949499999999997,5.9007593755364685
48.04,21.2718,6.029891144239851
48.04,21.2718,6.029891144239851
50.0,21.2718,6.275589566477592
50.0,21.2718,6.275589566477592
51.0,21.2718,6.400931347371729
51.0,21.2718,6.400931347371729
53.01,21.2718,6.652837582347061
53.01,21.2718,6.652837582347061
54.0,21.2718,6.776895318569301
54.0,21.2718,6.776895318569301
55.0,21.2718,6.902195526203518
55.0,21.2718,6.902195526203518
56.0,21.2718,7.027484846361764
56.0,21.2718,7.027484846361764
57.0,21.2718,7.152763081413527
57.0,21.2718,7.152763081413527
59.01,21.2718,7.404538001839338
59.01,21.2718,7.404538001839338
60.03,21.2718,7.532286431223809
60.03,21.2718,7.532286431223809
61.02,21.2718,7.656265734451112
61.02,21.2718,7.656265734451112
62.01,21.2718,7.780233201068358
62.01,21.2718,7.780233201068358
63.0,21.2718,7.904188639421469
63.0,21.2718,7.904188639421469
65.0,21.594099999999997,8.154566188246475
65.0,21.2718,8.154566188246475
66.0,21.594099999999997,8.279735766954628
66.0,21.594099999999997,8.279735766954628
67.0,21.594099999999997,8.404892285264262
67.0,21.594099999999997,8.404892285264262
68.04,21.594099999999997,8.535040997619207
68.04,21.594099999999997,8.535040997619207
69.07,21.594099999999997,8.663923928395215
69.07,21.594099999999997,8.663923928395215
71.03,21.594099999999997,8.909136659449075
71.03,21.594099999999997,8.909136659449075
72.05,21.594099999999997,9.036726102327396
72.05,21.594099999999997,9.036726102327396
74.0,21.594099999999997,9.280605641580596
74.0,21.594099999999997,9.280605641580596
75.03,21.594099999999997,9.409401690996322
75.03,21.594099999999997,9.409401690996322
77.0,21.594099999999997,9.655695724413002
77.0,21.594099999999997,9.655695724413002
78.01,21.9164,9.781945474011662
78.01,21.594099999999997,9.781945474011662
79.0,21.9164,9.90567995419595
79.0,21.9164,9.90567995419595
80.07,21.9164,10.03939595398039
80.07,21.9164,10.03939595398039
81.01,21.9164,10.15685113236178
81.01,21.9164,10.15685113236178
83.0,21.9164,10.405459335116179
83.0,21.9164,10.405459335116179
84.0,21.9164,10.53036363925005
84.0,21.9164,10.53036363925005
86.0,21.9164,10.780122218950263
86.0,21.9164,10.780122218950263
87.03,21.9164,10.908721452218694
87.03,21.9164,10.908721452218694
88.0,21.9164,11.029812780713357
88.0,21.9164,11.029812780713357
89.03,21.9164,11.158376370117832
89.03,21.9164,11.158376370117832
90.01,21.9164,11.28068167644288
90.01,22.238699999999998,11.28068167644288
92.01,22.238699999999998,11.530231116652176
92.01,22.238699999999998,11.530231116652176
93.03,22.238699999999998,11.65747341747047
93.03,22.238699999999998,11.65747341747047
95.02,22.238699999999998,11.905665388502666
95.02,22.238699999999998,11.905665388502666
96.05,22.238699999999998,12.034097448942621
96.05,22.238699999999998,12.034097448942621
97.0,22.238699999999998,12.152536355605829
97.0,22.238699999999998,12.152536355605829
98.01,22.238699999999998,12.27843663657547
98.01,22.238699999999998,12.27843663657547
99.01,22.238699999999998,12.403070916006946
99.01,22.561,12.403070916006946
101.04,22.561,12.656018125997322
101.04,22.238699999999998,12.656018125997322
102.01,22.561,12.776855580952052
102.01,22.561,12.776855580952052
104.0,22.561,13.024699670984177
104.0,22.561,13.024699670984177
105.03,22.561,13.152948926927433
105.03,22.561,13.152948926927433
106.0,22.561,13.273707231286933
106.0,22.561,13.273707231286933
107.0,22.561,13.398179702843466
107.0,22.561,13.398179702843466
108.01,22.561,13.523875446184727
108.01,22.561,13.523875446184727
110.01,22.8833,13.772713502556824
110.01,22.8833,13.772713502556824
111.06,22.8833,13.903318794528353
111.06,22.8833,13.903318794528353
113.01,22.8833,14.145807159304846
113.01,22.8833,14.145807159304846
114.03,22.8833,14.272613520874074
114.03,22.8833,14.272613520874074
116.07,22.8833,14.526155766739373
116.07,22.8833,14.526155766739373
117.01,22.8833,14.642952064581339
117.01,22.8833,14.642952064581339
119.0,23.205599999999997,14.890144774331812
119.0,22.8833,14.890144774331812
120.03,23.205599999999997,15.018052306906066
120.03,23.205599999999997,15.018052306906066
121.03,23.205599999999997,15.14221033464114
121.03,23.205599999999997,15.14221033464114
122.0,23.205599999999997,15.262620802282695
122.0,23.205599999999997,15.262620802282695
123.01,23.205599999999997,15.387972574676793
123.01,23.205599999999997,15.387972574676793
125.0,23.205599999999997,15.634880154079358
125.0,23.205599999999997,15.634880154079358
126.0,23.205599999999997,15.75891754091145
126.0,23.5279,15.75891754091145
128.04,23.5279,16.011876520059342
128.04,23.205599999999997,16.011876520059342
129.08,23.5279,16.14079565238649
129.08,23.5279,16.14079565238649
131.0,23.5279,16.378727693206642
131.0,23.5279,16.378727693206642
132.0,23.5279,16.50261299853419
132.0,23.5279,16.50261299853419
133.01,23.5279,16.627710733376976
133.01,23.5279,16.627710733376976
134.0,23.5279,16.750305320488224
134.0,23.5279,16.750305320488224
135.01,23.850199999999997,16.87534987857474
135.01,23.850199999999997,16.87534987857474
137.0,23.850199999999997,17.121645151667433
137.0,23.850199999999997,17.121645151667433
138.0,23.850199999999997,17.245371340552836
138.0,23.850199999999997,17.245371340552836
139.0,23.850199999999997,17.369070326707554
139.0,23.850199999999997,17.369070326707554
140.0,23.850199999999997,17.492741915009645
140.0,23.850199999999997,17.492741915009645
141.0,23.850199999999997,17.6163859103804
141.0,23.850199999999997,17.6163859103804
143.0,24.1725,17.86359034223096
143.0,24.1725,17.86359034223096
144.0,24.1725,17.98715038877219
144.0,24.1725,17.98715038877219
146.05,24.1725,18.240359570480475
146.05,24.1725,18.240359570480475
147.0,24.1725,18.35765951216158
147.0,24.1725,18.35765951216158
148.0,24.1725,18.481104898503737
148.0,24.1725,18.481104898503737
149.05,24.1725,18.610691175864886
149.05,24.494799999999998,18.610691175864886
150.03,24.1725,18.731609171798468
150.03,24.494799999999998,18.731609171798468
152.01,24.494799999999998,18.975826102943145
152.01,24.494799999999998,18.975826102943145
153.01,24.494799999999998,19.09912348286263
153.01,24.494799999999998,19.09912348286263
155.0,24.494799999999998,19.344395449191154
155.0,24.494799999999998,19.344395449191154
156.01,24.494799999999998,19.468834083945474
156.01,24.494799999999998,19.468834083945474
158.0,24.817099999999996,19.71392329755709
158.0,24.494799999999998,19.71392329755709
159.01,24.817099999999996,19.838268295268588
159.01,24.817099999999996,19.838268295268588
161.0,24.817099999999996,20.083171276748523
161.0,24.817099999999996,20.083171276748523
162.06,24.817099999999996,20.213570999176508
162.06,24.817099999999996,20.213570999176508
163.01,24.817099999999996,20.3304082397661
163.01,25.1394,20.3304082397661
164.0,24.817099999999996,20.452134144727868
164.0,25.1394,20.452134144727868
165.01,25.1394,20.576286573908078
165.01,25.1394,20.576286573908078
167.0,25.1394,20.820806663505106
167.0,25.1394,20.820806663505106
168.05,25.1394,20.949772481359982
168.05,25.1394,20.949772481359982
170.04,25.461699999999997,21.194093271145768
170.04,25.461699999999997,21.194093271145768
171.01,25.461699999999997,21.313136409754634
171.01,25.1394,21.313136409754634
172.03,25.461699999999997,21.438281669226125
172.03,25.461699999999997,21.438281669226125
173.0,25.461699999999997,21.557259722177278
173.0,25.461699999999997,21.557259722177278
174.01,25.461699999999997,21.68111008313766
174.01,25.461699999999997,21.68111008313766
176.0,25.461699999999997,21.925029806999095
176.0,25.461699999999997,21.925029806999095
177.0,25.461699999999997,22.04755092426532
177.0,25.784,22.04755092426532
178.01,25.461699999999997,22.17126195099083
178.01,25.784,22.17126195099083
179.05,25.784,22.29861027960812
179.05,25.784,22.29861027960812
180.09,25.784,22.425920564378725
180.09,25.784,22.425920564378725
182.04,25.784,22.664524052129956
182.04,25.784,22.664524052129956
183.04,26.106299999999997,22.78683217269278
183.04,26.106299999999997,22.78683217269278
185.03,26.106299999999997,23.030118208676527
185.03,26.106299999999997,23.030118208676527
186.05,26.106299999999997,23.154761913184842
186.05,26.106299999999997,23.154761913184842
188.0,26.106299999999997,23.392945410447055
188.0,26.106299999999997,23.392945410447055
189.04,26.106299999999997,23.519919327921464
189.04,26.4286,23.519919327921464
191.03,26.4286,23.762767000177202
191.03,26.4286,23.762767000177202
192.02,26.4286,23.883525469403192
192.02,26.4286,23.883525469403192
194.0,26.4286,24.12493144921076
194.0,26.4286,24.12493144921076
195.0,26.4286,24.246797053621055
195.0,26.750899999999998,24.246797053621055
196.0,26.750899999999998,24.36862441129967
196.0,26.750899999999998,24.36862441129967
197.0,26.750899999999998,24.49041333007697
197.0,26.750899999999998,24.49041333007697
198.01,26.750899999999998,24.61338092498517
198.01,26.750899999999998,24.61338092498517
200.0,26.750899999999998,24.855547532215898
200.0,26.750899999999998,24.855547532215898
201.0,27.073199999999996,24.977180774908746
201.0,26.750899999999998,24.977180774908746
203.0,27.073199999999996,25.22032887199128
203.0,27.073199999999996,25.22032887199128
204.05,27.073199999999996,25.347918018657523
204.05,27.073199999999996,25.347918018657523
206.03,27.073199999999996,25.588394578148144
206.03,27.073199999999996,25.588394578148144
207.0,27.073199999999996,25.706146144699467
207.0,27.3955,25.706146144699467
208.01,27.3955,25.828712898757296
208.01,27.3955,25.828712898757296
209.02,27.3955,25.95123809186545
209.02,27.3955,25.95123809186545
210.08,27.3955,26.079783974971427
210.08,27.3955,26.079783974971427
212.0,27.3955,26.312503956355833
212.0,27.717799999999997,26.312503956355833
213.03,27.717799999999997,26.437285559142122
213.03,27.717799999999997,26.437285559142122
214.01,27.717799999999997,26.555968733413053
214.01,27.717799999999997,26.555968733413053
215.05,27.717799999999997,26.681874220044616
215.05,27.717799999999997,26.681874220044616
216.0,27.717799999999997,26.796844261479723
216.0,27.717799999999997,26.796844261479723
218.01,27.717799999999997,27.039970722058847
218.01,27.717799999999997,27.039970722058847
219.01,28.0401,27.160865064555168
219.01,27.717799999999997,27.160865064555168
220.0,28.0401,27.28050826139819
220.0,28.0401,27.28050826139819
221.03,28.0401,27.404940757876865
221.03,28.0401,27.404940757876865
222.03,28.0401,27.525705132027895
222.03,28.0401,27.525705132027895
224.0,28.362399999999997,27.76348374928278
224.0,28.0401,27.76348374928278
225.0,28.362399999999997,27.88411861241106
225.0,28.362399999999997,27.88411861241106
226.0,28.362399999999997,28.004709491321545
226.0,28.362399999999997,28.004709491321545
227.07,28.362399999999997,28.1336928058615
227.07,28.362399999999997,28.1336928058615
228.08,28.362399999999997,28.25539680062895
228.08,28.362399999999997,28.25539680062895
230.0,28.6847,28.486629361447946
230.0,28.6847,28.486629361447946
231.04,28.6847,28.61181125429067
231.04,28.6847,28.61181125429067
233.01,28.6847,28.848800663191593
233.01,28.6847,28.848800663191593
234.01,28.6847,28.96903237036053
234.01,28.6847,28.96903237036053
235.0,28.6847,29.08801674867552
235.0,28.6847,29.08801674867552
236.0,29.006999999999998,29.208157334946726
236.0,28.6847,29.208157334946726
237.01,29.006999999999998,29.329452560297366
237.01,29.006999999999998,29.329452560297366
239.0,29.006999999999998,29.56830189960377
239.0,29.006999999999998,29.56830189960377
240.03,29.006999999999998,29.691854990749327
240.03,29.006999999999998,29.691854990749327
242.0,29.329299999999996,29.928026697169358
242.0,29.329299999999996,29.928026697169358
243.03,29.329299999999996,30.051434490311195
243.03,29.329299999999996,30.051434490311195
244.01,29.329299999999996,30.16880492984198
244.01,29.329299999999996,30.16880492984198
245.0,29.329299999999996,30.287326620801952
245.0,29.329299999999996,30.287326620801952
246.01,29.329299999999996,30.408194435313895
246.01,29.329299999999996,30.408194435313895
248.0,29.6516,30.646196569691757
248.0,29.6516,30.646196569691757
249.01,29.6516,30.766918479397436
249.01,29.6516,30.766918479397436
251.07,29.973899999999997,31.01298969442197
251.07,29.6516,31.01298969442197
252.03,29.973899999999997,31.127592844869312
252.03,29.6516,31.127592844869312
254.0,29.973899999999997,31.362626170596926
254.0,29.973899999999997,31.362626170596926
255.0,29.973899999999997,31.48185905293404
255.0,29.973899999999997,31.48185905293404
256.0,29.973899999999997,31.60104227600221
256.0,29.973899999999997,31.60104227600221
257.0,30.2962,31.720175651802645
257.0,29.973899999999997,31.720175651802645
258.01,30.2962,31.84044957250796
258.01,30.2962,31.84044957250796
260.0,30.2962,32.077274816790705
260.0,30.2962,32.077274816790705
261.01,30.2962,32.19739599003527
261.01,30.2962,32.19739599003527
263.0,30.618499999999997,32.433918595994434
263.0,30.618499999999997,32.433918595994434
264.06,30.618499999999997,32.559822903839795
264.06,30.618499999999997,32.559822903839795
265.01,30.618499999999997,32.672612641244626
265.01,30.618499999999997,32.672612641244626
266.03,30.618499999999997,32.79366141723396
266.03,30.618499999999997,32.79366141723396
267.01,30.940799999999996,32.909912490918636
267.01,30.618499999999997,32.909912490918636
269.04,30.940799999999996,33.150559487859624
269.04,30.940799999999996,33.150559487859624
270.02,30.940799999999996,33.26665687199981
270.02,30.940799999999996,33.26665687199981
272.0,30.940799999999996,33.501067020637535
272.0,30.940799999999996,33.501067020637535
273.0,30.940799999999996,33.61937733738433
273.0,31.263099999999998,33.61937733738433
274.0,31.263099999999998,33.73763462315547
274.0,30.940799999999996,33.73763462315547
275.01,31.263099999999998,33.85702046271592
275.01,31.263099999999998,33.85702046271592
276.06,31.263099999999998,33.981076693242976
276.06,31.263099999999998,33.981076693242976
278.02,31.263099999999998,34.21249004312586
278.02,31.263099999999998,34.21249004312586
279.06,31.585399999999996,34.33519670147046
279.06,31.585399999999996,34.33519670147046
281.01,31.585399999999996,34.56511363112299
281.01,31.585399999999996,34.56511363112299
282.01,31.585399999999996,34.682939414653106
282.01,31.585399999999996,34.682939414653106
283.0,31.585399999999996,34.799533050220816
283.0,31.585399999999996,34.799533050220816
284.01,31.9077,34.91842667004847
284.01,31.9077,34.91842667004847
285.01,31.9077,35.03608777045775
285.01,31.9077,35.03608777045775
287.02,31.9077,35.272419211889996
287.02,31.9077,35.272419211889996
288.01,31.9077,35.38873873562057
288.01,32.23,35.38873873562057
289.01,32.23,35.506177660576235
289.01,31.9077,35.506177660576235
290.0,32.23,35.622387026996485
290.0,32.23,35.622387026996485
291.01,32.23,35.74088730372386
291.01,32.23,35.74088730372386
293.01,32.23,35.97537143723664
293.01,32.23,35.97537143723664
294.06,32.23,36.09838483446248
294.06,32.552299999999995,36.09838483446248
296.03,32.552299999999995,36.329011846865164
296.03,32.552299999999995,36.329011846865164
297.0,32.552299999999995,36.442487686182886
297.0,32.552299999999995,36.442487686182886
298.01,32.552299999999995,36.560585460713035
298.01,32.552299999999995,36.560585460713035
299.0,32.552299999999995,36.67628757295449
299.0,32.552299999999995,36.67628757295449
300.01,32.8746,36.7942686689097
300.01,32.8746,36.7942686689097
302.0,32.8746,37.026553045752316
302.0,32.8746,37.026553045752316
303.05,32.8746,37.14902203112267
303.05,32.8746,37.14902203112267
305.0,33.1969,37.37629287022134
305.0,33.1969,37.37629287022134
306.02,33.1969,37.495083785414366
306.02,33.1969,37.495083785414366
308.04,33.1969,37.73015459701284
308.04,33.1969,37.73015459701284
309.01,33.1969,37.84294892230509
309.01,33.1969,37.84294892230509
310.0,33.5192,37.95801098825161
310.0,33.5192,37.95801098825161
311.0,33.5192,38.07417572134738
311.0,33.5192,38.07417572134738
312.01,33.5192,38.191441139338195
312.01,33.5192,38.191441139338195
314.03,33.5192,38.42578742532624
314.03,33.841499999999996,38.42578742532624
315.05,33.841499999999996,38.54402681926323
315.05,33.841499999999996,38.54402681926323
317.02,33.841499999999996,38.772211906059816
317.02,33.841499999999996,38.772211906059816
318.01,33.841499999999996,38.8867940766538
318.01,33.841499999999996,38.8867940766538
320.0,34.163799999999995,39.1169337546253
320.0,34.163799999999995,39.1169337546253
321.0,34.163799999999995,39.23248967832094
321.0,34.163799999999995,39.23248967832094
322.01,34.163799999999995,39.34913834420626
322.01,34.163799999999995,39.34913834420626
323.01,34.163799999999995,39.46456969400906
323.01,34.163799999999995,39.46456969400906
324.03,34.163799999999995,39.58224553843135
324.03,34.163799999999995,39.58224553843135
326.05,34.4861,39.815097965791345
326.05,34.4861,39.815097965791345
327.0,34.4861,39.924519261371586
327.0,34.4861,39.924519261371586
328.01,34.4861,40.04078903772266
328.01,34.4861,40.04078903772266
329.0,34.8084,40.15469391499711
329.0,34.4861,40.15469391499711
330.01,34.8084,40.270835926545026
330.01,34.8084,40.270835926545026
332.05,34.8084,40.50522197795167
332.05,34.8084,40.50522197795167
333.06,34.8084,40.62116773756686
333.06,34.8084,40.62116773756686
335.03,35.1307,40.84713111674623
335.03,35.1307,40.84713111674623
336.05,35.1307,40.96402921914976
336.05,35.1307,40.96402921914976
337.0,35.1307,41.07284444192981
337.0,35.1307,41.07284444192981
338.07,35.1307,41.195334721256955
338.07,35.1307,41.195334721256955
339.06,35.1307,41.308600592398626
339.06,35.1307,41.308600592398626
341.01,35.452999999999996,41.53151308924337
341.01,35.452999999999996,41.53151308924337
342.0,35.452999999999996,41.6445887942083
342.0,35.452999999999996,41.6445887942083
343.01,35.452999999999996,41.75988250884837
343.01,35.452999999999996,41.75988250884837
344.01,35.452999999999996,41.8739685010529
344.01,35.452999999999996,41.8739685010529
345.0,35.775299999999994,41.986848569687865
345.0,35.775299999999994,41.986848569687865
347.01,35.775299999999994,42.215829448086424
347.01,35.775299999999994,42.215829448086424
348.05,35.775299999999994,42.33420159537287
348.05,35.775299999999994,42.33420159537287
350.0,36.0976,42.55595453923591
350.0,36.0976,42.55595453923591
351.01,36.0976,42.67071093405958
351.01,36.0976,42.67071093405958
352.0,36.0976,42.78312829080546
352.0,36.0976,42.78312829080546
353.07,36.0976,42.90455549702229
353.07,36.0976,42.90455549702229
354.0,36.0976,43.01003209922679
354.0,36.4199,43.01003209922679
356.05,36.4199,43.24232685431433
356.05,36.4199,43.24232685431433
357.01,36.4199,43.351010332178305
357.01,36.4199,43.351010332178305
359.0,36.4199,43.57610122791788
359.0,36.7422,43.57610122791788
360.02,36.7422,43.691369021770655
360.02,36.4199,43.691369021770655
361.0,36.7422,43.80204897221362
361.0,36.7422,43.80204897221362
362.01,36.7422,43.91604764755219
362.01,36.7422,43.91604764755219
363.02,36.7422,44.0299756576333
363.02,36.7422,44.0299756576333
365.02,36.7422,44.255366448695675
365.02,37.064499999999995,44.255366448695675
366.05,37.064499999999995,44.371333863688
366.05,37.064499999999995,44.371333863688
368.01,37.064499999999995,44.59180447238189
368.01,37.064499999999995,44.59180447238189
369.0,37.064499999999995,44.70306199827885
369.0,37.386799999999994,44.70306199827885
371.0,37.386799999999994,44.92761366075515
371.0,37.386799999999994,44.92761366075515
372.07,37.386799999999994,45.04763249234295
372.07,37.386799999999994,45.04763249234295
374.03,37.386799999999994,45.267268916830496
374.03,37.7091,45.267268916830496
375.07,37.7091,45.383699386949935
375.07,37.7091,45.383699386949935
377.04,37.7091,45.60403315623222
377.04,37.7091,45.60403315623222
378.04,37.7091,45.71577096964786
378.04,37.7091,45.71577096964786
380.0,38.0314,45.93456773869035
380.0,38.0314,45.93456773869035
381.07,38.0314,46.05389554207049
381.07,38.0314,46.05389554207049
383.0,38.0314,46.26892121994849
383.0,38.0314,46.26892121994849
384.03,38.0314,46.38356467943859
384.03,38.353699999999996,46.38356467943859
385.0,38.353699999999996,46.49145891239367
385.0,38.353699999999996,46.49145891239367
386.0,38.353699999999996,46.60261784338126
386.0,38.353699999999996,46.60261784338126
387.01,38.353699999999996,46.714813746100134
387.01,38.353699999999996,46.714813746100134
389.09,38.675999999999995,46.945633651407654
389.09,38.353699999999996,46.945633651407654
390.06,38.675999999999995,47.05316618124256
390.06,38.675999999999995,47.05316618124256
392.0,38.675999999999995,47.268021576835295
392.0,38.675999999999995,47.268021576835295
393.0,38.675999999999995,47.37866225761528
393.0,38.675999999999995,47.37866225761528
395.0,38.9983,47.59971924043684
395.0,38.9983,47.59971924043684
396.0,38.9983,47.710135193784645
396.0,38.9983,47.710135193784645
398.0,38.9983,47.93074115350771
398.0,39.3206,47.93074115350771
399.04,39.3206,48.0453368231806
399.04,39.3206,48.0453368231806
400.01,39.3206,48.15214544637386
400.01,39.3206,48.15214544637386
401.02,39.3206,48.26328259928992
401.02,39.3206,48.26328259928992
402.03,39.6429,48.37434209181819
402.03,39.3206,48.37434209181819
404.02,39.6429,48.59293433956636
404.02,39.6429,48.59293433956636
405.0,39.6429,48.70047131906383
405.0,39.6429,48.70047131906383
406.01,39.6429,48.81122304512629
406.01,39.6429,48.81122304512629
407.05,39.6429,48.92518234845035
407.05,39.6429,48.92518234845035
408.01,39.6429,49.03030146866417
408.01,39.6429,49.03030146866417
410.0,39.965199999999996,49.24797745857698
410.0,39.965199999999996,49.24797745857698
411.02,39.965199999999996,49.35943091031238
411.02,39.965199999999996,49.35943091031238
413.0,39.965199999999996,49.57555032278745
413.0,39.965199999999996,49.57555032278745
414.0,40.287499999999994,49.684585106783366
414.0,40.287499999999994,49.684585106783366
416.0,40.287499999999994,49.90241938653492
416.0,40.287499999999994,49.90241938653492
417.07,40.287499999999994,50.01883152699068
417.07,40.287499999999994,50.01883152699068
419.01,40.6098,50.229666021647375
419.01,40.6098,50.229666021647375
420.0,40.6098,50.337141985140086
420.0,40.6098,50.337141985140086
421.01,40.6098,50.446708983588096
421.01,40.6098,50.446708983588096
422.01,40.6098,50.55511118867757
422.01,40.6098,50.55511118867757
423.02,40.6098,50.66451646978687
423.02,40.6098,50.66451646978687
425.0,40.9321,50.87875742130884
425.0,40.9321,50.87875742130884
426.01,40.9321,50.98792084813218
426.01,40.9321,50.98792084813218
427.0,40.9321,51.094843000346714
427.0,40.9321,51.094843000346714
428.03,41.2544,51.2060013924567
428.03,40.9321,51.2060013924567
429.02,41.2544,51.312762192155226
429.02,41.2544,51.312762192155226
431.07,41.2544,51.533580137537406
431.07,41.2544,51.533580137537406
432.01,41.2544,51.6347190974782
432.01,41.2544,51.6347190974782
433.0,41.576699999999995,51.741159975040716
433.0,41.576699999999995,51.741159975040716
434.02,41.576699999999995,51.85074266728682
434.02,41.576699999999995,51.85074266728682
435.1,41.576699999999995,51.96667864767921
435.1,41.576699999999995,51.96667864767921
438.0,41.898999999999994,52.27751457266695
438.0,41.898999999999994,52.27751457266695
439.02,41.898999999999994,52.386678423706435
439.02,41.898999999999994,52.386678423706435
440.01,41.898999999999994,52.49254935783962
440.01,41.898999999999994,52.49254935783962
441.0,41.898999999999994,52.59833913833224
441.0,41.898999999999994,52.59833913833224
442.01,41.898999999999994,52.70618228703036
442.01,41.898999999999994,52.70618228703036
443.04,42.2213,52.81607359727209
443.04,42.2213,52.81607359727209
444.0,42.2213,52.91841699044224
444.0,42.2213,52.91841699044224
446.0,42.2213,53.13138513993294
446.0,42.2213,53.13138513993294
447.02,42.2213,53.23986989790049
447.02,42.2213,53.23986989790049
448.0,42.5436,53.34401805322317
448.0,42.5436,53.34401805322317
449.01,42.5436,53.45126985469404
449.01,42.5436,53.45126985469404
450.0,42.5436,53.556314388690595
450.0,42.5436,53.556314388690595
452.0,42.865899999999996,53.76827280683665
452.0,42.865899999999996,53.76827280683665
453.04,42.865899999999996,53.87835719529912
453.04,42.865899999999996,53.87835719529912
455.03,42.865899999999996,54.08874305521814
455.03,42.865899999999996,54.08874305521814
456.05,43.188199999999995,54.19644813283586
456.05,42.865899999999996,54.19644813283586
458.01,43.188199999999995,54.40316101632807
458.01,43.188199999999995,54.40316101632807
459.04,43.188199999999995,54.51165868280553
459.04,43.188199999999995,54.51165868280553
461.0,43.188199999999995,54.71786815382038
461.0,43.188199999999995,54.71786815382038
462.01,43.51049999999999,54.823999781091956
462.01,43.51049999999999,54.823999781091956
463.0,43.51049999999999,54.92794417886354
463.0,43.51049999999999,54.92794417886354
464.01,43.51049999999999,55.03390095295136
464.01,43.51049999999999,55.03390095295136
465.0,43.51049999999999,55.13767363219097
465.0,43.51049999999999,55.13767363219097
467.0,43.51049999999999,55.34705519049995
467.0,43.8328,55.34705519049995
468.01,43.51049999999999,55.45266025370263
468.01,43.8328,55.45266025370263
470.01,43.8328,55.661515740403324
470.01,43.8328,55.661515740403324
471.01,43.8328,55.76581186594013
471.01,43.8328,55.76581186594013
473.02,44.1551,55.97518081351911
473.02,44.1551,55.97518081351911
474.03,44.1551,56.08025153057756
474.03,44.1551,56.08025153057756
475.01,44.1551,56.182115078911686
475.01,44.1551,56.182115078911686
476.06,44.1551,56.291160142775766
476.06,44.1551,56.291160142775766
477.05,44.1551,56.39388439997589
477.05,44.1551,56.39388439997589
479.0,44.477399999999996,56.59596491764359
479.0,44.477399999999996,56.59596491764359
480.0,44.477399999999996,56.69946434938642
480.0,44.477399999999996,56.69946434938642
481.0,44.477399999999996,56.802874343782364
481.0,44.477399999999996,56.802874343782364
483.02,44.799699999999994,57.0114890641061
483.02,44.799699999999994,57.0114890641061
484.0,44.799699999999994,57.112566072413586
484.0,44.799699999999994,57.112566072413586
485.0,44.799699999999994,57.21561668765441
485.0,44.799699999999994,57.21561668765441
486.0,45.122,57.3185770513732
486.0,44.799699999999994,57.3185770513732
487.0,45.122,57.42144700116094
487.0,45.122,57.42144700116094
489.03,45.122,57.62999426547805
489.03,45.122,57.62999426547805
490.05,45.122,57.73464024270104
490.05,45.122,57.73464024270104
492.0,45.4443,57.93443486681781
492.0,45.4443,57.93443486681781
493.03,45.4443,58.039827238752096
493.03,45.4443,58.039827238752096
494.0,45.4443,58.13899144726694
494.0,45.4443,58.13899144726694
495.02,45.4443,58.24317413569814
495.02,45.4443,58.24317413569814
496.0,45.4443,58.343181195672415
496.0,45.4443,58.343181195672415
498.01,45.7666,58.54802100476182
498.01,45.7666,58.54802100476182
499.0,45.7666,58.64877519056903
499.0,45.7666,58.64877519056903
501.02,45.7666,58.854073024701094
501.02,45.7666,58.854073024701094
502.02,45.7666,58.95556551574524
502.02,46.088899999999995,58.95556551574524
503.0,46.088899999999995,59.05493793318182
503.0,45.7666,59.05493793318182
504.0,46.088899999999995,59.15624613675583
504.0,46.088899999999995,59.15624613675583
505.01,46.088899999999995,59.25847270481211
505.01,46.088899999999995,59.25847270481211
507.0,46.411199999999994,59.45961023305662
507.0,46.411199999999994,59.45961023305662
508.01,46.411199999999994,59.561553094427644
508.01,46.411199999999994,59.561553094427644
510.0,46.411199999999994,59.76213020960608
510.0,46.411199999999994,59.76213020960608
511.0,46.7335,59.862781876976534
511.0,46.7335,59.862781876976534
512.01,46.7335,59.96434421221309
512.01,46.7335,59.96434421221309
513.0,46.7335,60.06380177167225
513.0,46.7335,60.06380177167225
514.05,46.7335,60.169185587545456
514.05,46.7335,60.169185587545456
515.07,46.7335,60.2714582419482
515.07,46.7335,60.2714582419482
517.04,47.0558,60.46870469114356
517.04,47.0558,60.46870469114356
518.01,47.0558,60.56569010774883
518.01,47.0558,60.56569010774883
519.07,47.0558,60.67157137908775
519.07,47.0558,60.67157137908775
520.01,47.0558,60.7653761365826
520.01,47.0558,60.7653761365826
521.01,47.0558,60.86507545337514
521.01,47.378099999999996,60.86507545337514
523.0,47.378099999999996,61.063191310486495
523.0,47.378099999999996,61.063191310486495
524.01,47.378099999999996,61.163596726530145
524.01,47.378099999999996,61.163596726530145
526.03,47.700399999999995,61.3641121424121
526.03,47.378099999999996,61.3641121424121
527.03,47.378099999999996,61.46323111917917
527.03,47.378099999999996,61.46323111917917
529.0,47.700399999999995,61.65821172837131
529.0,47.700399999999995,61.65821172837131
530.0,47.700399999999995,61.75704230184821
530.0,47.700399999999995,61.75704230184821
531.01,47.700399999999995,61.85676229929926
531.01,47.700399999999995,61.85676229929926
532.01,47.700399999999995,61.955396910268945
532.01,48.02269999999999,61.955396910268945
533.0,48.02269999999999,62.05294890865438
533.0,48.02269999999999,62.05294890865438
535.03,48.02269999999999,62.25267957164802
535.03,48.02269999999999,62.25267957164802
536.02,48.345,62.349938451682426
536.02,48.345,62.349938451682426
537.05,48.345,62.45102466740148
537.05,48.345,62.45102466740148
538.01,48.345,62.545146852999544
538.01,48.345,62.545146852999544
539.01,48.345,62.64309410918981
539.01,48.345,62.64309410918981
541.05,48.6673,62.84259994721455
541.05,48.345,62.84259994721455
542.07,48.6673,62.94219824968265
542.07,48.6673,62.94219824968265
544.0,48.6673,63.1303710899342
544.0,48.6673,63.1303710899342
545.01,48.6673,63.22869718116565
545.01,48.6673,63.22869718116565
547.0,48.6673,63.422130923581875
547.0,48.989599999999996,63.422130923581875
548.02,48.6673,63.52112436908251
548.02,48.989599999999996,63.52112436908251
549.0,48.989599999999996,63.61613752684953
549.0,48.989599999999996,63.61613752684953
550.0,48.989599999999996,63.7129903834603
550.0,48.989599999999996,63.7129903834603
552.0,48.989599999999996,63.90639444276081
552.0,48.989599999999996,63.90639444276081
553.01,49.311899999999994,64.0039103397692
553.01,49.311899999999994,64.0039103397692
554.0,49.311899999999994,64.099395280184
554.0,49.311899999999994,64.099395280184
555.04,49.311899999999994,64.1995959580018
555.04,49.311899999999994,64.1995959580018
556.02,49.311899999999994,64.29391559542161
556.02,49.311899999999994,64.29391559542161
558.01,49.63419999999999,64.48514235341074
558.01,49.63419999999999,64.48514235341074
559.04,49.63419999999999,64.58396088983297
559.04,49.63419999999999,64.58396088983297
560.01,49.63419999999999,64.67692419152331
560.01,49.63419999999999,64.67692419152331
561.01,49.63419999999999,64.7726621547621
561.01,49.63419999999999,64.7726621547621
562.02,49.9565,64.869253787481
562.02,49.9565,64.869253787481
564.0,49.9565,65.0583086072844
564.0,49.9565,65.0583086072844
565.01,49.9565,65.15459078043374
565.01,49.9565,65.15459078043374
567.04,49.9565,65.3477911372881
567.04,50.2788,65.3477911372881
568.0,50.2788,65.4390089608834
568.0,50.2788,65.4390089608834
569.0,50.2788,65.5339263665867
569.0,50.2788,65.5339263665867
570.0,50.2788,65.62874039952322
570.0,50.2788,65.62874039952322
571.0,50.2788,65.72345091013393
571.0,50.2788,65.72345091013393
572.01,50.601099999999995,65.81900329336479
572.01,50.2788,65.81900329336479
574.03,50.601099999999995,66.00979017841549
574.03,50.601099999999995,66.00979017841549
575.13,50.601099999999995,66.11350542933351
575.13,50.601099999999995,66.11350542933351
577.0,50.601099999999995,66.28953165025695
577.0,50.923399999999994,66.28953165025695
578.01,50.601099999999995,66.38445261893236
578.01,50.923399999999994,66.38445261893236
579.01,50.923399999999994,66.47832853858023
579.01,50.923399999999994,66.47832853858023
580.01,50.923399999999994,66.57209959576777
580.01,50.923399999999994,66.57209959576777
581.01,50.923399999999994,66.66576564258116
581.01,50.923399999999994,66.66576564258116
583.05,51.2457,66.85651814513389
583.05,51.2457,66.85651814513389
584.03,51.2457,66.94799817008823
584.03,51.2457,66.94799817008823
586.0,51.2457,67.13158469177233
586.0,51.2457,67.13158469177233
587.04,51.568,67.22833779235833
587.04,51.2457,67.22833779235833
588.0,51.568,67.31754654680103
588.0,51.568,67.31754654680103
589.0,51.568,67.4103682682517
589.0,51.568,67.4103682682517
590.03,51.568,67.50586347434403
590.03,51.568,67.50586347434403
592.0,51.568,67.68819485185679
592.0,51.568,67.68819485185679
593.0,51.890299999999996,67.7805903658742
593.0,51.568,67.7805903658742
594.0,51.890299999999996,67.8728789632524
594.0,51.890299999999996,67.8728789632524
595.0,51.890299999999996,67.965060498416
595.0,51.890299999999996,67.965060498416
596.01,51.890299999999996,68.05805502734384
596.01,51.890299999999996,68.05805502734384
598.02,51.890299999999996,68.24279736946053
598.02,51.890299999999996,68.24279736946053
599.04,52.212599999999995,68.33638094367073
599.04,52.212599999999995,68.33638094367073
601.01,52.212599999999995,68.51680808757274
601.01,52.212599999999995,68.51680808757274
602.01,52.212599999999995,68.60823504384396
602.01,52.212599999999995,68.60823504384396
604.01,52.53489999999999,68.79076414586007
604.01,52.53489999999999,68.79076414586007
605.01,52.53489999999999,68.8818660036848
605.01,52.53489999999999,68.8818660036848
607.0,52.53489999999999,69.06283530940098
607.0,52.53489999999999,69.06283530940098
608.0,52.53489999999999,69.15361186556541
608.0,52.53489999999999,69.15361186556541
609.01,52.53489999999999,69.2451854626829
609.01,52.8572,69.2451854626829
610.0,52.8572,69.33483758757428
610.0,52.8572,69.33483758757428
611.01,52.8572,69.4261904035615
611.01,52.8572,69.4261904035615
613.03,52.8572,69.60856074793102
613.03,52.8572,69.60856074793102
614.02,53.1795,69.69777674933677
614.02,53.1795,69.69777674933677
615.02,53.1795,69.78778453091068
615.02,53.1795,69.78778453091068
616.0,53.1795,69.8758853554637
616.0,53.1795,69.8758853554637
617.01,53.1795,69.96657237526847
617.01,53.1795,69.96657237526847
619.0,53.1795,70.14492316418246
619.0,53.1795,70.14492316418246
620.0,53.1795,70.23438132995064
620.0,53.501799999999996,70.23438132995064
622.0,53.501799999999996,70.41296515885423
622.0,53.501799999999996,70.41296515885423
623.08,53.501799999999996,70.50921576841806
623.08,53.501799999999996,70.50921576841806
625.02,53.824099999999994,70.68178445392184
625.02,53.824099999999994,70.68178445392184
626.0,53.824099999999994,70.7687988660528
626.0,53.824099999999994,70.7687988660528
628.04,53.824099999999994,70.94958688965605
628.04,54.14639999999999,70.94958688965605
629.03,53.824099999999994,71.03715447108544
629.03,54.14639999999999,71.03715447108544
630.0,53.824099999999994,71.12284649327168
630.0,54.14639999999999,71.12284649327168
631.01,54.14639999999999,71.21196002776522
631.01,54.14639999999999,71.21196002776522
632.0,54.14639999999999,71.29919773276569
632.0,54.14639999999999,71.29919773276569
634.0,54.14639999999999,71.47509910497159
634.0,54.14639999999999,71.47509910497159
635.01,54.4687,71.56375799046027
635.01,54.14639999999999,71.56375799046027
636.02,54.4687,71.6523017227953
636.02,54.4687,71.6523017227953
637.06,54.4687,71.7433549820852
637.06,54.4687,71.7433549820852
638.03,54.4687,71.82816933843971
638.03,54.4687,71.82816933843971
640.0,54.4687,72.00009293347453
640.0,54.791,72.00009293347453
641.0,54.791,72.08719520485995
641.0,54.791,72.08719520485995
642.0,54.791,72.17418376639718
642.0,54.791,72.17418376639718
643.0,54.791,72.26105848087106
643.0,54.791,72.26105848087106
644.09,54.791,72.35562208138171
644.09,54.791,72.35562208138171
646.04,54.791,72.5244570880376
646.04,55.113299999999995,72.5244570880376
647.04,55.113299999999995,72.61087046709967
647.04,55.113299999999995,72.61087046709967
648.01,55.113299999999995,72.69458201277492
648.01,55.113299999999995,72.69458201277492
649.03,55.113299999999995,72.78249220778822
649.03,55.113299999999995,72.78249220778822
650.11,55.113299999999995,72.87544339697405
650.11,55.113299999999995,72.87544339697405
652.04,55.435599999999994,73.04121660423105
652.04,55.435599999999994,73.04121660423105
653.0,55.435599999999994,73.12351397846807
653.0,55.435599999999994,73.12351397846807
655.0,55.435599999999994,73.29462528307333
655.0,55.435599999999994,73.29462528307333
656.0,55.435599999999994,73.3800075811477
656.0,55.435599999999994,73.3800075811477
658.01,55.75789999999999,73.55127571641916
658.01,55.75789999999999,73.55127571641916
659.04,55.75789999999999,73.63885841365345
659.04,55.75789999999999,73.63885841365345
660.0,55.75789999999999,73.72037793815466
660.0,55.75789999999999,73.72037793815466
661.05,55.75789999999999,73.80941720301846
661.05,55.75789999999999,73.80941720301846
662.05,55.75789999999999,73.89409716804191
662.05,56.0802,73.89409716804191
664.0,56.0802,74.05888772251886
664.0,56.0802,74.05888772251886
665.05,56.0802,74.14743716947947
665.05,56.0802,74.14743716947947
666.0,56.0802,74.22744222830991
666.0,56.0802,74.22744222830991
667.0,56.402499999999996,74.31154391883972
667.0,56.402499999999996,74.31154391883972
668.0,56.0802,74.39552839084888
668.0,56.402499999999996,74.39552839084888
670.01,56.402499999999996,74.56398205222379
670.01,56.402499999999996,74.56398205222379
671.0,56.402499999999996,74.64677717191303
671.0,56.402499999999996,74.64677717191303
672.0,56.402499999999996,74.73029144692649
672.0,56.402499999999996,74.73029144692649
673.0,56.724799999999995,74.81368784288983
673.0,56.724799999999995,74.81368784288983
674.06,56.724799999999995,74.90195917576958
674.06,56.724799999999995,74.90195917576958
676.02,56.724799999999995,75.06482807404042
676.02,56.724799999999995,75.06482807404042
677.0,56.724799999999995,75.14609200805748
677.0,56.724799999999995,75.14609200805748
678.01,56.724799999999995,75.22972449053134
678.01,56.724799999999995,75.22972449053134
679.01,56.724799999999995,75.31240966887503
679.01,57.04709999999999,75.31240966887503
680.09,57.04709999999999,75.40157622447975
680.09,56.724799999999995,75.40157622447975
682.0,57.04709999999999,75.55892920526045
682.0,57.04709999999999,75.55892920526045
683.0,57.04709999999999,75.6411396063158
683.0,57.3694,75.6411396063158
684.0,57.04709999999999,75.72323069155537
684.0,57.04709999999999,75.72323069155537
685.03,57.3694,75.80765963390503
685.03,57.3694,75.80765963390503
686.04,57.3694,75.89032599045038
686.04,57.3694,75.89032599045038
688.02,57.3694,76.05203031478689
688.02,57.3694,76.05203031478689
689.0,57.3694,76.13189185496839
689.0,57.3694,76.13189185496839
690.01,57.6917,76.21407745051471
690.01,57.6917,76.21407745051471
691.0,57.6917,76.29451659200362
691.0,57.6917,76.29451659200362
692.01,57.6917,76.37645921587894
692.01,57.6917,76.37645921587894
694.03,57.6917,76.53997564017794
694.03,57.6917,76.53997564017794
695.03,58.013999999999996,76.62074212279742
695.03,58.013999999999996,76.62074212279742
697.02,58.013999999999996,76.78110773069996
697.02,58.013999999999996,76.78110773069996
698.0,58.013999999999996,76.85990555369987
698.0,58.013999999999996,76.85990555369987
699.0,58.013999999999996,76.94019146879381
699.0,58.013999999999996,76.94019146879381
700.0,58.013999999999996,77.02035601895648
700.0,58.336299999999994,77.02035601895648
701.03,58.336299999999994,77.10279849113792
701.03,58.013999999999996,77.10279849113792
703.05,58.336299999999994,77.26410700314544
703.05,58.336299999999994,77.26410700314544
704.06,58.336299999999994,77.34457483562234
704.06,58.336299999999994,77.34457483562234
706.0,58.336299999999994,77.49878758854479
706.0,58.336299999999994,77.49878758854479
707.01,58.65859999999999,77.57889155119744
707.01,58.65859999999999,77.57889155119744
708.0,58.65859999999999,77.65728814890464
708.0,58.65859999999999,77.65728814890464
709.0,58.65859999999999,77.73635474742872
709.0,58.65859999999999,77.73635474742872
710.01,58.65859999999999,77.81608754527983
710.01,58.65859999999999,77.81608754527983
712.02,58.65859999999999,77.97439103346098
712.02,58.9809,77.97439103346098
713.02,58.9809,78.05296394128978
713.02,58.9809,78.05296394128978
715.02,58.9809,78.20974027256835
715.02,58.9809,78.20974027256835
716.01,58.9809,78.28716202803307
716.01,58.9809,78.28716202803307
717.0,59.3032,78.36446275130774
717.0,59.3032,78.36446275130774
718.0,59.3032,78.44242129605149
718.0,58.9809,78.44242129605149
719.06,59.3032,78.52492225742897
719.06,59.3032,78.52492225742897
721.01,59.3032,78.676329275361
721.01,59.3032,78.676329275361
722.05,59.3032,78.75688678651763
722.05,59.3032,78.75688678651763
724.06,59.625499999999995,78.91219874999669
724.06,59.625499999999995,78.91219874999669
725.01,59.625499999999995,78.98542994974895
725.01,59.625499999999995,78.98542994974895
727.01,59.625499999999995,79.13923322756749
727.01,59.625499999999995,79.13923322756749
728.0,59.625499999999995,79.21518115038698
728.0,59.625499999999995,79.21518115038698
730.02,59.947799999999994,79.36976560177875
730.02,59.947799999999994,79.36976560177875
731.04,59.947799999999994,79.44762905343754
731.04,59.625499999999995,79.44762905343754
733.0,59.947799999999994,79.59688292441315
733.0,59.947799999999994,79.59688292441315
734.0,60.27009999999999,79.6728470931708
734.0,59.947799999999994,79.6728470931708
736.0,59.947799999999994,79.82439828484831
736.0,60.27009999999999,79.82439828484831
737.0,60.27009999999999,79.89998506871238
737.0,60.27009999999999,79.89998506871238
739.03,60.27009999999999,80.05303850396216
739.03,60.27009999999999,80.05303850396216
740.0,60.27009999999999,80.12598874224184
740.0,60.27009999999999,80.12598874224184
741.0,60.5924,80.20107067795666
741.0,60.5924,80.20107067795666
742.02,60.5924,80.27752392239329
742.02,60.5924,80.27752392239329
744.02,60.5924,80.42704970814485
744.02,60.5924,80.42704970814485
745.04,60.5924,80.50311252057097
745.04,60.5924,80.50311252057097
746.0,60.5924,80.5745803655472
746.0,60.5924,80.5745803655472
747.01,60.5924,80.6496440489322
747.01,60.914699999999996,80.6496440489322
748.01,60.914699999999996,80.72383667564638
748.01,60.5924,80.72383667564638
749.0,60.914699999999996,80.79716194688164
749.0,60.914699999999996,80.79716194688164
750.08,60.914699999999996,80.87701068558316
750.08,60.914699999999996,80.87701068558316
752.02,61.236999999999995,81.02006886367755
752.02,60.914699999999996,81.02006886367755
753.03,61.236999999999995,81.0943572687577
753.03,61.236999999999995,81.0943572687577
755.01,61.236999999999995,81.23961320387878
755.01,61.236999999999995,81.23961320387878
756.01,61.236999999999995,81.31278390480297
756.01,61.236999999999995,81.31278390480297
757.01,61.236999999999995,81.38582634349851
757.01,61.236999999999995,81.38582634349851
758.01,61.236999999999995,81.45874040474875
758.01,61.236999999999995,81.45874040474875
759.01,61.55929999999999,81.53152597353956
759.01,61.236999999999995,81.53152597353956
761.0,61.55929999999999,81.67598652985262
761.0,61.55929999999999,81.67598652985262
762.0,61.55929999999999,81.74838722213651
762.0,61.55929999999999,81.74838722213651
763.0,61.55929999999999,81.82065896507406
763.0,61.55929999999999,81.82065896507406
764.03,61.55929999999999,81.89496392983308
764.03,61.55929999999999,81.89496392983308
765.0,61.55929999999999,81.96481514710989
765.0,61.88159999999999,81.96481514710989
767.0,61.88159999999999,82.10845416639657
767.0,61.88159999999999,82.10845416639657
768.0,61.88159999999999,82.18007945666248
768.0,61.88159999999999,82.18007945666248
770.05,62.2039,82.32650592160259
770.05,61.88159999999999,82.32650592160259
771.0,62.2039,82.39417709478948
771.0,62.2039,82.39417709478948
772.0,62.2039,82.46528318803472
772.0,62.2039,82.46528318803472
774.01,62.2039,82.60781282240963
774.01,62.2039,82.60781282240963
775.0,62.2039,82.67782053910871
775.0,62.2039,82.67782053910871
776.0,62.2039,82.74840564074061
776.0,62.2039,82.74840564074061
777.01,62.2039,82.8195641018162
777.01,62.526199999999996,82.8195641018162
778.0,62.2039,82.88918415256418
778.0,62.526199999999996,82.88918415256418
779.0,62.526199999999996,82.95937734069278
779.0,62.526199999999996,82.95937734069278
780.01,62.526199999999996,83.03013963133844
780.01,62.526199999999996,83.03013963133844
781.01,62.526199999999996,83.10006967958537
781.01,62.526199999999996,83.10006967958537
783.05,62.526199999999996,83.24232040220332
783.05,62.848499999999994,83.24232040220332
784.0,62.848499999999994,83.30837818081105
784.0,62.848499999999994,83.30837818081105
786.05,62.848499999999994,83.4505197042028
786.05,62.848499999999994,83.4505197042028
787.03,62.848499999999994,83.51827490656365
787.03,62.848499999999994,83.51827490656365
789.02,62.848499999999994,83.65547002695928
789.02,62.848499999999994,83.65547002695928
790.0,63.17079999999999,83.72284146846842
790.0,63.17079999999999,83.72284146846842
791.0,63.17079999999999,83.79145709344134
791.0,63.17079999999999,83.79145709344134
792.0,63.17079999999999,83.85994054634348
792.0,63.17079999999999,83.85994054634348
793.01,63.17079999999999,83.92897456249813
793.01,63.17079999999999,83.92897456249813
795.0,63.17079999999999,84.06459679341546
795.0,63.17079999999999,84.06459679341546
796.0,63.17079999999999,84.13255047986866
796.0,63.4931,84.13255047986866
798.0,63.4931,84.26805961546727
798.0,63.4931,84.26805961546727
799.01,63.4931,84.33628973158925
799.01,63.4931,84.33628973158925
800.0,63.4931,84.40303705583426
800.0,63.4931,84.40303705583426
801.0,63.4931,84.4703261240342
801.0,63.4931,84.4703261240342
802.0,63.4931,84.53748194932
802.0,63.4931,84.53748194932
803.07,63.8154,84.60919100246396
803.07,63.8154,84.60919100246396
805.0,63.8154,84.7381489094331
805.0,63.8154,84.7381489094331
806.01,63.8154,84.80543624845357
806.01,63.8154,84.80543624845357
807.0,63.8154,84.87125873181267
807.0,63.8154,84.87125873181267
808.0,63.8154,84.93761288242762
808.0,63.8154,84.93761288242762
809.0,63.8154,85.00383305303349
809.0,63.8154,85.00383305303349
811.0,64.1377,85.13587103660858
811.0,64.1377,85.13587103660858
812.03,64.1377,85.20366109353401
812.03,64.1377,85.20366109353401
813.03,64.1377,85.26934026816843
813.03,64.1377,85.26934026816843
814.01,64.1377,85.33357536490323
814.01,64.1377,85.33357536490323
815.01,64.1377,85.3989881227459
815.01,64.46,85.3989881227459
817.0,64.46,85.52875864738209
817.0,64.46,85.52875864738209
818.0,64.46,85.59376832283534
818.0,64.46,85.59376832283534
819.0,64.46,85.6586429832644
819.0,64.46,85.6586429832644
820.02,64.46,85.72467593829916
820.02,64.46,85.72467593829916
821.01,64.78229999999999,85.78863220996442
821.01,64.46,85.78863220996442
822.02,64.46,85.85374385121135
822.02,64.46,85.85374385121135
823.03,64.78229999999999,85.9187173453062
823.03,64.78229999999999,85.9187173453062
825.05,64.78229999999999,86.04824947406702
825.05,64.78229999999999,86.04824947406702
826.04,64.78229999999999,86.1115308600369
826.04,64.78229999999999,86.1115308600369
828.01,64.78229999999999,86.23705829920783
828.01,64.78229999999999,86.23705829920783
829.02,65.10459999999999,86.30121034378865
829.02,64.78229999999999,86.30121034378865
831.0,65.10459999999999,86.42657070104055
831.0,65.10459999999999,86.42657070104055
832.05,65.10459999999999,86.4928328627215
832.05,65.10459999999999,86.4928328627215
834.06,65.10459999999999,86.6192579014598
834.06,65.10459999999999,86.6192579014598
835.03,65.42689999999999,86.68007156432871
835.03,65.42689999999999,86.68007156432871
837.0,65.42689999999999,86.80318367752665
837.0,65.42689999999999,86.80318367752665
838.0,65.42689999999999,86.86547385300305
838.0,65.42689999999999,86.86547385300305
839.01,65.42689999999999,86.92824784673246
839.01,65.42689999999999,86.92824784673246
840.01,65.42689999999999,86.99026251047657
840.01,65.42689999999999,86.99026251047657
841.01,65.42689999999999,87.05213995637615
841.01,65.42689999999999,87.05213995637615
843.0,65.7492,87.17486745777474
843.0,65.7492,87.17486745777474
844.01,65.7492,87.23694801204024
844.01,65.7492,87.23694801204024
846.05,65.7492,87.36191023988766
846.05,65.7492,87.36191023988766
847.05,65.7492,87.42295682258668
847.05,65.7492,87.42295682258668
849.0,66.0715,87.54160093538975
849.0,66.0715,87.54160093538975
850.0,66.0715,87.60224043584367
850.0,66.0715,87.60224043584367
851.01,66.0715,87.66334606814797
851.01,66.0715,87.66334606814797
852.01,66.0715,87.7237077235516
852.01,66.0715,87.7237077235516
853.01,66.0715,87.78393100417922
853.01,66.0715,87.78393100417922
855.0,66.0715,87.90336328508388
855.0,66.0715,87.90336328508388
856.06,66.0715,87.9667563864057
856.06,66.3938,87.9667563864057
858.01,66.3938,88.08296846847269
858.01,66.3938,88.08296846847269
859.04,66.3938,88.14413909689833
859.04,66.3938,88.14413909689833
861.01,66.3938,88.26072440367571
861.01,66.7161,88.26072440367571
862.01,66.7161,88.31969806275069
862.01,66.7161,88.31969806275069
863.0,66.7161,88.3779447534103
863.0,66.3938,88.3779447534103
864.06,66.7161,88.44015842914573
864.06,66.7161,88.44015842914573
865.11,66.7161,88.5016306472022
865.11,66.7161,88.5016306472022
867.02,66.7161,88.61305683788952
867.02,66.7161,88.61305683788952
868.0,66.7161,88.67003049247558
868.0,67.0384,88.67003049247558
870.0,67.0384,88.78588635909445
870.0,67.0384,88.78588635909445
871.01,67.0384,88.84418073413597
871.01,67.0384,88.84418073413597
873.03,67.0384,88.96034051346666
873.03,67.0384,88.96034051346666
874.03,67.0384,89.01763350982903
874.03,67.0384,89.01763350982903
876.01,67.0384,89.1306593010331
876.01,67.3607,89.1306593010331
877.05,67.3607,89.18980563857504
877.05,67.3607,89.18980563857504
878.0,67.3607,89.24370056084676
878.0,67.3607,89.24370056084676
879.0,67.3607,89.30029480342935
879.0,67.3607,89.30029480342935
880.0,67.3607,89.35674818433826
880.0,67.3607,89.35674818433826
882.02,67.3607,89.47035399376117
882.02,67.3607,89.47035399376117
883.0,67.68299999999999,89.5252622676431
883.0,67.68299999999999,89.5252622676431
885.03,67.68299999999999,89.63856930300155
885.03,67.68299999999999,89.63856930300155
886.0,67.68299999999999,89.69250540346229
886.0,67.68299999999999,89.69250540346229
888.01,67.68299999999999,89.80384608997359
888.01,67.68299999999999,89.80384608997359
889.01,67.68299999999999,89.85902631832519
889.01,67.68299999999999,89.85902631832519
890.03,68.00529999999999,89.91516412699525
890.03,68.00529999999999,89.91516412699525
891.01,68.00529999999999,89.96896145917226
891.01,68.00529999999999,89.96896145917226
892.0,68.00529999999999,90.02316935363604
892.0,68.00529999999999,90.02316935363604
894.03,68.00529999999999,90.13388754494865
894.03,68.00529999999999,90.13388754494865
895.02,68.00529999999999,90.18767062084156
895.02,68.00529999999999,90.18767062084156
896.05,68.00529999999999,90.24347875457002
896.05,68.00529999999999,90.24347875457002
897.06,68.32759999999999,90.29805658740453
897.06,68.00529999999999,90.29805658740453
898.1,68.32759999999999,90.35410370679855
898.1,68.32759999999999,90.35410370679855
900.01,68.32759999999999,90.4566348023769
900.01,68.32759999999999,90.4566348023769
901.0,68.32759999999999,90.50957440417147
901.0,68.32759999999999,90.50957440417147
902.06,68.32759999999999,90.56610208928153
902.06,68.32759999999999,90.56610208928153
904.04,68.32759999999999,90.67126151492117
904.04,68.32759999999999,90.67126151492117
905.01,68.32759999999999,90.72257441970605
905.01,68.64989999999999,90.72257441970605
906.03,68.64989999999999,90.77638708073837
906.03,68.64989999999999,90.77638708073837
907.04,68.64989999999999,90.8295253756658
907.04,68.64989999999999,90.8295253756658
908.04,68.64989999999999,90.88199355889824
908.04,68.64989999999999,90.88199355889824
910.01,68.64989999999999,90.9849364191271
910.01,68.64989999999999,90.9849364191271
911.03,68.64989999999999,91.03801797090945
911.03,68.64989999999999,91.03801797090945
912.0,68.9722,91.08835888896762
912.0,68.9722,91.08835888896762
913.0,68.9722,91.1401152149086
913.0,68.9722,91.1401152149086
914.0,68.9722,91.19172777705582
914.0,68.9722,91.19172777705582
916.05,68.9722,91.29708374454891
916.05,68.9722,91.29708374454891
917.04,68.9722,91.34774630256854
917.04,68.9722,91.34774630256854
919.03,68.9722,91.44915583691477
919.03,68.9722,91.44915583691477
920.0,69.2945,91.49837956701494
920.0,69.2945,91.49837956701494
921.0,69.2945,91.54898351574859
921.0,69.2945,91.54898351574859
922.06,69.2945,91.6024660342049
922.06,69.2945,91.6024660342049
923.06,69.2945,91.65277241403814
923.06,69.2945,91.65277241403814
925.0,69.2945,91.74995442847914
925.0,69.2945,91.74995442847914
926.0,69.2945,91.79983553984805
926.0,69.2945,91.79983553984805
928.0,69.6168,91.8991632708358
928.0,69.6168,91.8991632708358
929.08,69.6168,91.95255918615327
929.08,69.6168,91.95255918615327
931.02,69.6168,92.04804910997963
931.02,69.6168,92.04804910997963
932.06,69.6168,92.09901462498964
932.06,69.6168,92.09901462498964
934.03,69.6168,92.19512427826035
934.03,69.9391,92.19512427826035
935.0,69.9391,92.24223997630197
935.0,69.6168,92.24223997630197
936.0,69.9391,92.29066954038316
936.0,69.6168,92.29066954038316
937.0,69.9391,92.33895352579405
937.0,69.9391,92.33895352579405
938.0,69.9391,92.38709185637181
938.0,69.9391,92.38709185637181
940.0,69.9391,92.48293124952552
940.0,69.9391,92.48293124952552
941.01,69.9391,92.53110843308049
941.01,69.9391,92.53110843308049
942.02,69.9391,92.57913672494436
942.02,70.2614,92.57913672494436
943.01,69.9391,92.6260693886586
943.01,70.2614,92.6260693886586
944.05,70.2614,92.67521815629372
944.05,70.2614,92.67521815629372
945.04,70.2614,92.72185710940187
945.04,69.9391,92.72185710940187
947.03,70.2614,92.8151723708982
947.03,70.2614,92.8151723708982
948.05,70.2614,92.86277759270683
948.05,70.2614,92.86277759270683
949.0,70.2614,92.90697872139543
949.0,70.2614,92.90697872139543
950.01,70.2614,92.9538264428519
950.01,70.2614,92.9538264428519
951.01,70.2614,93.00006296787389
951.01,70.5837,93.00006296787389
954.02,70.5837,93.1383492867291
954.02,70.5837,93.1383492867291
955.0,70.5837,93.18308559995074
955.0,70.5837,93.18308559995074
956.0,70.5837,93.22858938218396
956.0,70.5837,93.22858938218396
957.0,70.5837,93.27394610627854
957.0,70.5837,93.27394610627854
958.01,70.5837,93.31960705338683
958.01,70.90599999999999,93.31960705338683
959.01,70.90599999999999,93.36466797443074
959.01,70.5837,93.36466797443074
960.0,70.90599999999999,93.40913321543715
960.0,70.90599999999999,93.40913321543715
961.06,70.90599999999999,93.45658237350091
961.06,70.90599999999999,93.45658237350091
963.04,70.90599999999999,93.54477008622385
963.04,70.90599999999999,93.54477008622385
964.04,70.90599999999999,93.58908950946258
964.04,70.90599999999999,93.58908950946258
966.03,70.90599999999999,93.67684589622245
966.03,70.90599999999999,93.67684589622245
967.05,71.22829999999999,93.72159975686077
967.05,71.22829999999999,93.72159975686077
968.0,71.22829999999999,93.763143938271
968.0,70.90599999999999,93.763143938271
969.0,71.22829999999999,93.80673045061707
969.0,71.22829999999999,93.80673045061707
970.01,71.22829999999999,93.85060263081027
970.01,71.22829999999999,93.85060263081027
972.0,71.22829999999999,93.9366018932438
972.0,71.22829999999999,93.9366018932438
973.01,71.22829999999999,93.98002530873318
973.01,71.22829999999999,93.98002530873318
975.0,71.55059999999999,94.06513976269841
975.0,71.22829999999999,94.06513976269841
976.01,71.55059999999999,94.10811379702244
976.01,71.55059999999999,94.10811379702244
977.01,71.55059999999999,94.15051315836085
977.01,71.55059999999999,94.15051315836085
978.01,71.55059999999999,94.19276400732437
978.01,71.55059999999999,94.19276400732437
979.0,71.55059999999999,94.23444599025179
979.0,71.55059999999999,94.23444599025179
981.05,71.55059999999999,94.32029391705655
981.05,71.55059999999999,94.32029391705655
982.01,71.55059999999999,94.36028095002172
982.01,71.8729,94.36028095002172
984.0,71.55059999999999,94.4427337789364
984.0,71.8729,94.4427337789364
985.03,71.8729,94.48517870304104
985.03,71.8729,94.48517870304104
987.0,71.8729,94.56591929750172
987.0,71.8729,94.56591929750172
988.0,71.8729,94.60668288788186
988.0,71.8729,94.60668288788186
989.0,71.8729,94.6472972463281
989.0,71.8729,94.6472972463281
990.01,71.8729,94.68816620523914
990.01,71.8729,94.68816620523914
991.0,71.8729,94.72807801139514
991.0,71.8729,94.72807801139514
993.0,72.1952,94.80826108301098
993.0,71.8729,94.80826108301098
994.0,72.1952,94.84812832552704
994.0,72.1952,94.84812832552704
996.0,72.1952,94.92741390954404
996.0,72.1952,94.92741390954404
997.0,72.1952,94.96683212598043
997.0,72.1952,94.96683212598043
998.0,72.1952,95.00610054238598
998.0,72.1952,95.00610054238598
999.01,72.1952,95.04560952535137
999.01,72.1952,95.04560952535137
1000.0,72.1952,95.08418772757405
1000.0,72.5175,95.08418772757405
