Time,T1,Q1
0.0,20.949499999999997,0.0
0.0,20.949499999999997,0.0
1.0,20.6272,1.9904044059248622
1.0,20.949499999999997,1.9904044059248622
2.0,20.949499999999997,3.980020193291028
2.0,20.6272,3.980020193291028
3.0,20.949499999999997,5.968059055998533
3.0,20.949499999999997,5.968059055998533
5.0,20.949499999999997,9.936256219093362
5.0,20.949499999999997,9.936256219093362
6.04,20.949499999999997,11.993892741304057
6.04,20.949499999999997,11.993892741304057
8.0,20.949499999999997,15.85706998722521
8.0,20.949499999999997,15.85706998722521
9.0,20.949499999999997,17.81914968419912
9.0,20.949499999999997,17.81914968419912
10.01,20.949499999999997,19.79368117070983
10.01,20.949499999999997,19.79368117070983
11.0,20.949499999999997,21.7213540920109
11.0,20.949499999999997,21.7213540920109
12.0,20.949499999999997,23.659932709599236
12.0,20.949499999999997,23.659932709599236
14.0,20.949499999999997,27.508202653204155
14.0,20.949499999999997,27.508202653204155
15.0,20.949499999999997,29.4163692553569
15.0,20.949499999999997,29.4163692553569
17.0,20.949499999999997,33.19698584440812
17.0,21.2718,33.19698584440812
18.01,20.949499999999997,35.086578497830665
18.01,21.2718,35.086578497830665
19.0,21.2718,36.92499570513873
19.0,21.2718,36.92499570513873
20.01,21.2718,38.78577135797688
20.01,21.2718,38.78577135797688
21.0,21.2718,40.59449112041925
21.0,21.2718,40.59449112041925
23.04,21.2718,44.27106484135863
23.04,21.594099999999997,44.27106484135863
24.01,21.594099999999997,45.99400286680483
24.01,21.594099999999997,45.99400286680483
26.0,21.9164,49.4743211903563
26.0,21.594099999999997,49.4743211903563
27.01,21.9164,51.21135763373819
27.01,21.9164,51.21135763373819
28.0,21.9164,52.893914228479545
28.0,21.9164,52.893914228479545
29.0,21.9164,54.57261179407735
29.0,21.9164,54.57261179407735
30.0,22.238699999999998,56.22968713339331
30.0,22.238699999999998,56.22968713339331
32.0,22.561,59.47635375954904
32.0,22.238699999999998,59.47635375954904
33.04,22.561,61.12769179292148
33.04,22.561,61.12769179292148
35.0,22.8833,64.16806549132731
35.0,22.8833,64.16806549132731
36.0,22.8833,65.68193777291347
36.0,22.8833,65.68193777291347
37.01,23.205599999999997,67.18453126025067
37.01,23.205599999999997,67.18453126025067
38.01,23.205599999999997,68.64549725659624
38.01,23.205599999999997,68.64549725659624
39.01,23.5279,70.07926520567749
39.01,23.5279,70.07926520567749
41.0,23.850199999999997,72.84931088439983
41.0,23.850199999999997,72.84931088439983
42.0,23.850199999999997,74.19841183125278
42.0,23.850199999999997,74.19841183125278
43.0,24.1725,75.5181146093609
43.0,24.1725,75.5181146093609
44.0,24.1725,76.80789633900199
44.0,24.1725,76.80789633900199
45.01,24.494799999999998,78.07968411162109
45.01,24.494799999999998,78.07968411162109
47.01,24.817099999999996,80.50447520913539
47.01,24.817099999999996,80.50447520913539
48.01,25.1394,81.66926278394631
48.01,25.1394,81.66926278394631
50.0,25.461699999999997,83.89048227528522
50.0,25.461699999999997,83.89048227528522
51.02,25.784,84.97818909302501
51.02,25.784,84.97818909302501
53.0,26.106299999999997,86.98923369147559
53.0,26.106299999999997,86.98923369147559
54.01,26.4286,87.96322084243134
54.01,26.4286,87.96322084243134
55.0,26.750899999999998,88.88342018790209
55.0,26.750899999999998,88.88342018790209
56.0,27.073199999999996,89.77787282971795
56.0,26.750899999999998,89.77787282971795
57.0,27.073199999999996,90.63675456118867
57.0,27.073199999999996,90.63675456118867
59.04,27.717799999999997,92.27716946724203
59.04,27.717799999999997,92.27716946724203
60.0,28.0401,92.99664258749984
60.0,28.0401,92.99664258749984
62.04,28.362399999999997,94.41246205770157
62.04,28.362399999999997,94.41246205770157
63.0,28.6847,95.0250022228769
63.0,28.6847,95.0250022228769
64.03,29.006999999999998,95.64361541651299
64.03,29.006999999999998,95.64361541651299
65.04,29.329299999999996,96.21117893145536
65.04,29.329299999999996,96.21117893145536
66.0,29.6516,96.71460246642091
66.0,29.6516,96.71460246642091
67.01,29.6516,97.20612064863205
67.01,29.6516,97.20612064863205
69.0,30.2962,98.05941997756298
69.0,30.2962,98.05941997756298
70.0,30.618499999999997,98.43020970892321
70.0,30.618499999999997,98.43020970892321
71.01,30.940799999999996,98.76512088946228
71.01,30.940799999999996,98.76512088946228
72.0,31.263099999999998,99.05466054897302
72.0,31.263099999999998,99.05466054897302
73.01,31.585399999999996,99.31040983338066
73.01,31.263099999999998,99.31040983338066
75.0,31.9077,99.69677619766959
75.0,31.9077,99.69677619766959
76.11,32.552299999999995,99.84436123908964
76.11,32.23,99.84436123908964
78.0,32.8746,99.9834778134022
78.0,32.8746,99.9834778134022
79.01,33.1969,99.9998145165354
79.01,33.1969,99.9998145165354
80.01,33.5192,99.9761704255187
80.01,33.5192,99.9761704255187
81.0,33.841499999999996,99.91374331921521
81.0,33.841499999999996,99.91374331921521
82.0,34.163799999999995,99.8112968202777
82.0,34.163799999999995,99.8112968202777
84.01,34.8084,99.48580729331344
84.01,34.8084,99.48580729331344
85.0,35.1307,99.26692047316173
85.0,34.8084,99.26692047316173
86.0,35.452999999999996,99.00668906326504
86.0,35.452999999999996,99.00668906326504
87.0,35.452999999999996,98.70723019175406
87.0,35.452999999999996,98.70723019175406
88.0,35.775299999999994,98.36866250729285
88.0,35.775299999999994,98.36866250729285
90.0,36.4199,97.57475271758263
90.0,36.4199,97.57475271758263
91.01,36.7422,97.11498025563444
91.01,36.7422,97.11498025563444
93.0,37.386799999999994,96.09442611827943
93.0,37.386799999999994,96.09442611827943
94.01,37.7091,95.51867068015576
94.01,37.7091,95.51867068015576
96.0,38.0314,94.27152768431293
96.0,38.0314,94.27152768431293
97.0,38.353699999999996,93.58885624525969
97.0,38.353699999999996,93.58885624525969
98.0,38.675999999999995,92.8691039453008
98.0,38.675999999999995,92.8691039453008
99.01,38.9983,92.10480566161218
99.01,38.9983,92.10480566161218
100.01,39.3206,91.31139834173032
100.01,39.3206,91.31139834173032
101.01,39.6429,90.48181251302965
101.01,39.6429,90.48181251302965
103.0,39.965199999999996,88.72461831924896
103.0,39.965199999999996,88.72461831924896
104.0,40.287499999999994,87.78887547357054
104.0,40.287499999999994,87.78887547357054
106.0,40.9321,85.81342576658663
106.0,40.9321,85.81342576658663
107.0,41.2544,84.77450159863538
107.0,41.2544,84.77450159863538
108.0,41.2544,83.7019889071329
108.0,41.2544,83.7019889071329
110.0,41.898999999999994,81.45791085516335
110.0,41.898999999999994,81.45791085516335
111.0,42.2213,80.28723462134498
111.0,41.898999999999994,80.28723462134498
112.0,42.2213,79.08474776499166
112.0,42.2213,79.08474776499166
113.0,42.5436,77.85092672367998
113.0,42.5436,77.85092672367998
114.01,42.5436,76.57345960249201
114.01,42.865899999999996,76.57345960249201
115.01,42.865899999999996,75.27814809868416
115.01,42.865899999999996,75.27814809868416
117.0,43.188199999999995,72.6122598814544
117.0,43.188199999999995,72.6122598814544
118.0,43.51049999999999,71.22934212111947
118.0,43.8328,71.22934212111947
120.0,44.1551,68.3794003293712
120.0,44.1551,68.3794003293712
121.07,44.1551,66.80989316020968
121.07,44.1551,66.80989316020968
123.01,44.477399999999996,63.8874594833897
123.01,44.477399999999996,63.8874594833897
124.02,44.799699999999994,62.32799852703499
124.02,44.799699999999994,62.32799852703499
125.0,44.799699999999994,60.79077208747611
125.0,44.799699999999994,60.79077208747611
126.01,45.122,59.18228883107648
126.01,45.122,59.18228883107648
127.01,45.122,57.566163159126106
127.01,45.122,57.566163159126106
129.0,45.4443,54.28285473389377
129.0,45.4443,54.28285473389377
130.01,45.7666,52.58354256092468
130.01,45.7666,52.58354256092468
132.0,46.088899999999995,49.173861067367
132.0,45.7666,49.173861067367
133.0,46.088899999999995,47.43098903731188
133.0,46.088899999999995,47.43098903731188
134.0,46.088899999999995,45.66932436486677
134.0,46.088899999999995,45.66932436486677
135.04,46.411199999999994,43.81800824778471
135.04,46.411199999999994,43.81800824778471
136.07,46.411199999999994,41.965982925686035
136.07,46.411199999999994,41.965982925686035
138.02,46.411199999999994,38.412051390292056
138.02,46.7335,38.412051390292056
139.0,46.7335,36.60378603948588
139.0,46.7335,36.60378603948588
140.0,46.7335,34.744264382819736
140.0,46.7335,34.744264382819736
141.01,46.7335,32.85217680518534
141.01,46.7335,32.85217680518534
142.01,46.7335,30.965738827006533
142.01,47.0558,30.965738827006533
144.0,47.0558,27.175965093273234
144.0,47.0558,27.175965093273234
145.0,47.0558,25.255085550572915
145.0,47.0558,25.255085550572915
147.0,47.0558,21.384072533208474
147.0,47.0558,21.384072533208474
148.01,47.0558,19.415946619070688
148.01,47.0558,19.415946619070688
150.03,47.378099999999996,15.456951178207682
150.03,47.0558,15.456951178207682
151.0,47.0558,13.54657354550686
151.0,47.0558,13.54657354550686
153.0,47.0558,9.592507533472356
153.0,47.0558,9.592507533472356
154.0,47.0558,7.609381438758213
154.0,47.0558,7.609381438758213
155.0,47.0558,5.62324042938409
155.0,47.0558,5.62324042938409
156.01,47.0558,3.614979158415202
156.01,47.0558,3.614979158415202
157.0,47.0558,1.6450622668359849
157.0,47.0558,1.6450622668359849
159.0,47.0558,0.0
159.0,47.0558,0.0
160.01,47.0558,0.0
160.01,46.7335,0.0
161.01,46.7335,0.0
161.01,46.7335,0.0
162.01,46.7335,0.0
162.01,46.7335,0.0
163.01,46.7335,0.0
163.01,46.7335,0.0
165.0,46.411199999999994,0.0
165.0,46.411199999999994,0.0
166.0,46.411199999999994,0.0
166.0,46.411199999999994,0.0
167.01,46.411199999999994,0.0
167.01,46.411199999999994,0.0
168.0,46.088899999999995,0.0
168.0,46.088899999999995,0.0
169.0,46.088899999999995,0.0
169.0,46.088899999999995,0.0
171.0,46.088899999999995,0.0
171.0,45.7666,0.0
172.0,45.7666,0.0
172.0,45.7666,0.0
173.0,45.7666,0.0
173.0,45.7666,0.0
174.0,45.7666,0.0
174.0,45.4443,0.0
176.0,45.4443,0.0
176.0,45.4443,0.0
177.02,45.122,0.0
177.02,45.122,0.0
178.0,45.122,0.0
178.0,45.122,0.0
179.02,44.799699999999994,0.0
179.02,44.799699999999994,0.0
180.05,44.799699999999994,0.0
180.05,44.799699999999994,0.0
181.08,44.799699999999994,0.0
181.08,44.799699999999994,0.0
183.01,44.477399999999996,0.0
183.01,44.477399999999996,0.0
184.02,44.1551,0.0
184.02,44.1551,0.0
185.05,44.1551,0.0
185.05,44.1551,0.0
186.01,43.8328,0.0
186.01,43.8328,0.0
187.0,43.8328,0.0
187.0,43.8328,0.0
189.05,43.51049999999999,0.0
189.05,43.51049999999999,0.0
190.0,43.51049999999999,0.0
190.0,43.51049999999999,0.0
192.0,43.188199999999995,0.0
192.0,43.188199999999995,0.0
193.0,42.865899999999996,0.0
193.0,42.865899999999996,0.0
195.0,42.5436,0.0
195.0,42.865899999999996,0.0
196.01,42.5436,0.0
196.01,42.5436,0.0
197.0,42.2213,0.0
197.0,42.5436,0.0
198.0,42.2213,0.0
198.0,42.2213,0.0
199.01,42.2213,0.0
199.01,42.2213,0.0
201.01,41.898999999999994,0.0
201.01,41.898999999999994,0.0
202.06,41.898999999999994,0.0
202.06,41.898999999999994,0.0
204.0,41.2544,0.0
204.0,41.576699999999995,0.0
205.0,41.2544,0.0
205.0,41.2544,0.0
206.06,41.2544,0.0
206.06,41.2544,0.0
207.01,41.2544,0.0
207.01,40.9321,0.0
208.01,40.9321,0.0
208.01,40.9321,0.0
210.0,40.6098,0.0
210.0,40.6098,0.0
211.0,40.6098,0.0
211.0,40.6098,0.0
213.0,40.287499999999994,0.0
213.0,40.287499999999994,0.0
214.01,40.287499999999994,0.0
214.01,40.287499999999994,0.0
215.01,39.965199999999996,0.0
215.01,39.965199999999996,0.0
216.0,39.965199999999996,0.0
216.0,39.965199999999996,0.0
217.01,39.6429,0.0
217.01,39.965199999999996,0.0
219.01,39.3206,0.0
219.01,39.6429,0.0
220.01,39.3206,0.0
220.01,39.3206,0.0
221.0,39.3206,0.0
221.0,39.3206,0.0
222.01,38.9983,0.0
222.01,38.9983,0.0
223.0,38.9983,0.0
223.0,38.9983,0.0
225.03,38.675999999999995,0.0
225.03,38.675999999999995,0.0
226.01,38.353699999999996,0.0
226.01,38.675999999999995,0.0
228.0,38.353699999999996,0.0
228.0,38.353699999999996,0.0
229.0,38.353699999999996,0.0
229.0,38.353699999999996,0.0
230.0,38.353699999999996,0.0
230.0,38.0314,0.0
231.0,38.0314,0.0
231.0,38.0314,0.0
232.01,38.0314,0.0
232.01,37.7091,0.0
234.0,37.7091,0.0
234.0,37.7091,0.0
235.0,37.386799999999994,0.0
235.0,37.386799999999994,0.0
237.0,37.386799999999994,0.0
237.0,37.386799999999994,0.0
238.0,37.064499999999995,0.0
238.0,37.386799999999994,0.0
239.01,37.064499999999995,0.0
239.01,37.064499999999995,0.0
241.01,36.7422,0.0
241.01,36.7422,0.0
242.01,36.7422,0.0
242.01,36.7422,0.0
244.0,36.4199,0.0
244.0,36.4199,0.0
245.0,36.4199,0.0
245.0,36.4199,0.0
246.0,36.4199,0.0
246.0,36.0976,0.0
247.08,36.0976,0.0
247.08,36.0976,0.0
248.06,36.0976,0.0
248.06,36.0976,0.0
251.0,35.775299999999994,0.0
251.0,35.775299999999994,0.0
252.04,35.775299999999994,0.0
252.04,35.775299999999994,0.0
253.03,35.452999999999996,0.0
253.03,35.452999999999996,0.0
254.01,35.452999999999996,0.0
254.01,35.452999999999996,0.0
255.0,35.1307,0.0
255.0,35.452999999999996,0.0
256.0,35.452999999999996,0.0
256.0,35.1307,0.0
257.06,35.1307,0.0
257.06,35.1307,0.0
258.03,35.1307,0.0
258.03,35.1307,0.0
260.01,34.8084,0.0
260.01,34.8084,0.0
261.01,34.8084,0.0
261.01,34.8084,0.0
262.0,34.8084,0.0
262.0,34.4861,0.0
263.09,34.4861,0.0
263.09,34.4861,0.0
264.08,34.4861,0.0
264.08,34.4861,0.0
266.0,34.163799999999995,0.0
266.0,34.163799999999995,0.0
267.0,34.163799999999995,0.0
267.0,34.163799999999995,0.0
268.01,34.163799999999995,0.0
268.01,34.163799999999995,0.0
270.03,33.841499999999996,0.0
270.03,33.841499999999996,0.0
271.01,33.841499999999996,0.0
271.01,33.841499999999996,0.0
273.0,33.5192,0.0
273.0,33.5192,0.0
274.0,33.5192,0.0
274.0,33.5192,0.0
276.0,33.1969,0.0
276.0,33.1969,0.0
277.0,33.1969,0.0
277.0,33.1969,0.0
278.0,33.1969,0.0
278.0,33.1969,0.0
279.03,33.1969,0.0
279.03,33.1969,0.0
280.04,32.8746,0.0
280.04,32.8746,0.0
282.0,32.8746,0.0
282.0,32.8746,0.0
283.0,32.552299999999995,0.0
283.0,32.8746,0.0
285.0,32.552299999999995,0.0
285.0,32.552299999999995,0.0
286.0,32.552299999999995,0.0
286.0,32.552299999999995,0.0
287.01,32.552299999999995,0.0
287.01,32.23,0.0
288.0,32.23,0.0
288.0,32.23,0.0
289.0,32.23,0.0
289.0,32.23,0.0
291.0,32.23,0.0
291.0,31.9077,0.0
292.03,31.9077,0.0
292.03,31.9077,0.0
294.01,31.9077,0.0
294.01,31.9077,0.0
295.0,31.9077,0.0
295.0,31.585399999999996,0.0
297.04,31.585399999999996,0.0
297.04,31.585399999999996,0.0
298.06,31.585399999999996,0.0
298.06,31.585399999999996,0.0
300.0,31.263099999999998,0.0
300.0,31.263099999999998,0.0
301.0,31.263099999999998,0.0
301.0,31.263099999999998,0.0
302.04,31.263099999999998,0.0
302.04,31.263099999999998,0.0
303.01,31.263099999999998,0.0
303.01,30.940799999999996,0.0
304.0,31.263099999999998,0.0
304.0,30.940799999999996,0.0
306.0,30.940799999999996,0.0
306.0,30.940799999999996,0.0
307.01,30.940799999999996,0.0
307.01,30.940799999999996,0.0
308.0,30.940799999999996,0.0
308.0,30.618499999999997,0.0
309.06,30.618499999999997,0.0
309.06,30.618499999999997,0.0
310.0,30.618499999999997,0.0
310.0,30.618499999999997,0.0
312.0,30.618499999999997,0.0
312.0,30.2962,0.0
313.0,30.2962,0.0
313.0,30.2962,0.0
314.01,30.2962,0.0
314.01,30.2962,0.0
315.0,30.2962,0.0
315.0,30.2962,0.0
316.03,30.2962,0.750507786430407
316.03,30.2962,0.750507786430407
317.0,29.973899999999997,2.6810133274939343
317.0,30.2962,2.6810133274939343
318.07,29.973899999999997,4.809352044855775
318.07,29.973899999999997,4.809352044855775
320.0,29.973899999999997,8.642148288124426
320.0,29.973899999999997,8.642148288124426
321.05,29.973899999999997,10.722352179323044
321.05,29.973899999999997,10.722352179323044
323.0,29.6516,14.572474421291373
323.0,29.6516,14.572474421291373
324.0,29.6516,16.53874472390568
324.0,29.6516,16.53874472390568
326.0,29.6516,20.45085041021218
326.0,29.6516,20.45085041021218
327.0,29.6516,22.395135777667242
327.0,29.6516,22.395135777667242
328.01,29.6516,24.349854678173326
328.01,29.6516,24.349854678173326
329.0,29.329299999999996,26.256320137776896
329.0,29.6516,26.256320137776896
330.01,29.329299999999996,28.1907878746974
330.01,29.6516,28.1907878746974
332.0,29.329299999999996,31.968187394059427
332.0,29.329299999999996,31.968187394059427
333.0,29.329299999999996,33.84781213507564
333.0,29.329299999999996,33.84781213507564
335.01,29.329299999999996,37.584536347076146
335.01,29.329299999999996,37.584536347076146
336.0,29.329299999999996,39.403269218917785
336.0,29.329299999999996,39.403269218917785
338.0,29.329299999999996,43.03007068514888
338.0,29.329299999999996,43.03007068514888
339.0,29.329299999999996,44.81825561394564
339.0,29.329299999999996,44.81825561394564
341.0,29.6516,48.34065165793466
341.0,29.6516,48.34065165793466
342.02,29.6516,50.10792338440172
342.02,29.329299999999996,50.10792338440172
343.0,29.6516,51.78644305050957
343.0,29.6516,51.78644305050957
344.01,29.6516,53.495719301796555
344.01,29.6516,53.495719301796555
345.01,29.6516,55.16677273691369
345.01,29.6516,55.16677273691369
348.0,29.973899999999997,60.030263837417216
348.0,29.973899999999997,60.030263837417216
349.02,29.973899999999997,61.64159576946639
349.02,29.973899999999997,61.64159576946639
350.0,29.973899999999997,63.16581176013515
350.0,29.973899999999997,63.16581176013515
351.02,29.973899999999997,64.72670485551959
351.02,29.973899999999997,64.72670485551959
352.01,30.2962,66.21617944830713
352.01,30.2962,66.21617944830713
354.0,30.2962,69.13180384583939
354.0,30.618499999999997,69.13180384583939
355.0,30.618499999999997,70.55627638032675
355.0,30.618499999999997,70.55627638032675
356.0,30.618499999999997,71.95279379734131
356.0,30.618499999999997,71.95279379734131
357.0,30.940799999999996,73.32080278241634
357.0,30.618499999999997,73.32080278241634
358.0,30.940799999999996,74.65976131641686
358.0,30.940799999999996,74.65976131641686
359.01,30.940799999999996,75.9820815169427
359.01,30.940799999999996,75.9820815169427
361.03,31.263099999999998,78.53406998939406
361.03,31.263099999999998,78.53406998939406
362.04,31.585399999999996,79.76270681451095
362.04,31.585399999999996,79.76270681451095
364.0,31.9077,82.054576338422
364.0,31.9077,82.054576338422
365.02,31.9077,83.1980916661433
365.02,31.9077,83.1980916661433
367.0,32.23,85.31954427773377
367.0,32.23,85.31954427773377
368.0,32.552299999999995,86.3408197614074
368.0,32.552299999999995,86.3408197614074
369.0,32.552299999999995,87.32788613027299
369.0,32.552299999999995,87.32788613027299
370.01,32.8746,88.28970094081055
370.01,32.8746,88.28970094081055
371.01,33.1969,89.2068378969171
371.01,32.8746,89.2068378969171
373.0,33.5192,90.92644526800514
373.0,33.5192,90.92644526800514
374.0,33.5192,91.73687616501331
374.0,33.5192,91.73687616501331
376.0,34.163799999999995,93.24838999668003
376.0,34.163799999999995,93.24838999668003
377.0,34.4861,93.9488740541175
377.0,34.163799999999995,93.9488740541175
378.0,34.4861,94.61213460791565
378.0,34.4861,94.61213460791565
379.0,34.8084,95.23790886746752
379.0,34.4861,95.23790886746752
380.0,34.8084,95.82594889461885
380.0,35.1307,95.82594889461885
381.08,35.1307,96.41838071071042
381.08,35.1307,96.41838071071042
383.04,35.775299999999994,97.37954781965334
383.04,35.775299999999994,97.37954781965334
384.01,35.775299999999994,97.80048692522175
384.01,36.0976,97.80048692522175
386.0,36.4199,98.54978055665656
386.0,36.4199,98.54978055665656
387.0,36.7422,98.86800542404782
387.0,36.7422,98.86800542404782
388.0,36.7422,99.14705777769942
388.0,36.7422,99.14705777769942
389.0,37.064499999999995,99.38682705421813
389.0,37.064499999999995,99.38682705421813
390.0,37.386799999999994,99.58721825456722
390.0,37.386799999999994,99.58721825456722
392.0,37.7091,99.86956447204783
392.0,37.7091,99.86956447204783
393.0,38.0314,99.95140762072366
393.0,38.0314,99.95140762072366
395.0,38.675999999999995,99.99627187533638
395.0,38.675999999999995,99.99627187533638
396.04,38.9983,99.95697140633386
396.04,38.9983,99.95697140633386
397.0,38.9983,99.88267364988316
397.0,38.9983,99.88267364988316
398.0,39.3206,99.76649755851287
398.0,39.3206,99.76649755851287
399.06,39.6429,99.60019494615801
399.06,39.6429,99.60019494615801
400.04,39.965199999999996,99.40699482558527
400.04,39.965199999999996,99.40699482558527
402.05,40.287499999999994,98.89248068408759
402.05,40.287499999999994,98.89248068408759
403.0,40.6098,98.59415772147716
403.0,40.6098,98.59415772147716
405.01,41.2544,97.84690781757077
405.01,41.2544,97.84690781757077
406.05,41.576699999999995,97.39870574811948
406.05,41.576699999999995,97.39870574811948
408.0,41.898999999999994,96.44599123581253
408.0,41.898999999999994,96.44599123581253
409.02,42.2213,95.88967289847655
409.02,42.2213,95.88967289847655
411.0,42.5436,94.69714310982556
411.0,42.5436,94.69714310982556
412.04,42.865899999999996,94.01172155073905
412.04,42.865899999999996,94.01172155073905
413.0,43.188199999999995,93.34325938262165
413.0,43.188199999999995,93.34325938262165
414.0,43.51049999999999,92.61070439338567
414.0,43.51049999999999,92.61070439338567
415.07,43.51049999999999,91.7862423407662
415.07,43.8328,91.7862423407662
417.03,44.1551,90.16830813163466
417.03,44.1551,90.16830813163466
418.0,44.477399999999996,89.31667116633109
418.0,44.477399999999996,89.31667116633109
420.02,44.799699999999994,87.43667251886048
420.02,44.799699999999994,87.43667251886048
421.01,45.122,86.46347800155732
421.01,45.122,86.46347800155732
423.01,45.4443,84.39540350436133
423.01,45.4443,84.39540350436133
424.03,45.7666,83.28897437200466
424.03,45.7666,83.28897437200466
426.0,46.088899999999995,81.05527092238847
426.0,46.088899999999995,81.05527092238847
427.02,46.411199999999994,79.84954212221078
427.02,46.411199999999994,79.84954212221078
428.01,46.7335,78.64779378471556
428.01,46.7335,78.64779378471556
429.04,46.7335,77.36507988793345
429.04,46.7335,77.36507988793345
430.01,47.0558,76.12734424740825
430.01,47.0558,76.12734424740825
432.0,47.378099999999996,73.49975561247594
432.0,47.378099999999996,73.49975561247594
433.0,47.378099999999996,72.1355619078202
433.0,47.700399999999995,72.1355619078202
435.0,47.700399999999995,69.32198379041797
435.0,47.700399999999995,69.32198379041797
436.04,48.02269999999999,67.81522014548894
436.04,48.02269999999999,67.81522014548894
437.04,48.345,66.3389946387911
437.04,48.345,66.3389946387911
438.01,48.345,64.88193700786883
438.01,48.345,64.88193700786883
439.03,48.345,63.32369353885314
439.03,48.6673,63.32369353885314
440.04,48.6673,61.755004411462586
440.04,48.6673,61.755004411462586
442.01,48.989599999999996,58.62405037452858
442.01,48.989599999999996,58.62405037452858
443.01,48.989599999999996,56.99993625769558
443.01,48.989599999999996,56.99993625769558
444.0,48.989599999999996,55.36981482016666
444.0,49.311899999999994,55.36981482016666
445.08,49.311899999999994,53.567000217347015
445.08,49.311899999999994,53.567000217347015
446.09,49.311899999999994,51.85861772701965
446.09,49.311899999999994,51.85861772701965
448.0,49.63419999999999,48.57118447138006
448.0,49.63419999999999,48.57118447138006
449.01,49.63419999999999,46.80412241808782
449.01,49.63419999999999,46.80412241808782
450.01,49.9565,45.03591670733817
450.01,49.9565,45.03591670733817
451.01,49.9565,43.249867306322564
451.01,49.9565,43.249867306322564
452.04,49.9565,41.39232900338376
452.04,49.9565,41.39232900338376
454.0,50.2788,37.810195548657674
454.0,49.9565,37.810195548657674
455.0,50.2788,35.96006048921912
455.0,50.2788,35.96006048921912
456.0,50.2788,34.09567768646307
456.0,50.2788,34.09567768646307
458.0,50.2788,30.32712895347282
458.0,50.2788,30.32712895347282
459.01,50.2788,28.405371299273398
459.01,50.2788,28.405371299273398
461.0,50.2788,24.586082716121897
461.0,50.2788,24.586082716121897
462.04,50.2788,22.5743438815466
462.04,50.2788,22.5743438815466
463.01,50.2788,20.68927383371328
463.01,50.2788,20.68927383371328
464.03,50.2788,18.698728834694116
464.03,50.2788,18.698728834694116
465.0,50.2788,16.798596669702718
465.0,50.601099999999995,16.798596669702718
467.04,50.2788,12.782860590127163
467.04,50.2788,12.782860590127163
468.04,50.2788,10.80625256821532
468.04,50.2788,10.80625256821532
470.0,50.2788,6.920409458855853
470.0,50.2788,6.920409458855853
471.01,50.2788,4.913524815803305
471.01,50.2788,4.913524815803305
473.0,49.9565,0.9543232317647258
473.0,49.9565,0.9543232317647258
474.02,49.9565,0.0
474.02,49.9565,0.0
475.0,49.9565,0.0
475.0,49.9565,0.0
476.07,49.9565,0.0
476.07,49.9565,0.0
477.05,49.63419999999999,0.0
477.05,49.9565,0.0
479.01,49.63419999999999,0.0
479.01,49.63419999999999,0.0
480.01,49.63419999999999,0.0
480.01,49.311899999999994,0.0
482.0,49.311899999999994,0.0
482.0,49.311899999999994,0.0
483.0,49.311899999999994,0.0
483.0,48.989599999999996,0.0
484.01,48.989599999999996,0.0
484.01,48.989599999999996,0.0
485.06,48.989599999999996,0.0
485.06,48.989599999999996,0.0
486.02,48.6673,0.0
486.02,48.6673,0.0
488.0,48.345,0.0
488.0,48.345,0.0
489.06,48.345,0.0
489.06,48.345,0.0
491.0,48.02269999999999,0.0
491.0,48.02269999999999,0.0
492.02,48.02269999999999,0.0
492.02,48.02269999999999,0.0
494.0,47.700399999999995,0.0
494.0,47.700399999999995,0.0
495.0,47.378099999999996,0.0
495.0,47.378099999999996,0.0
496.02,47.378099999999996,0.0
496.02,47.378099999999996,0.0
497.0,47.0558,0.0
497.0,47.0558,0.0
498.07,47.0558,0.0
498.07,47.0558,0.0
499.08,46.7335,0.0
499.08,46.7335,0.0
501.01,46.411199999999994,0.0
501.01,46.411199999999994,0.0
502.0,46.411199999999994,0.0
502.0,46.411199999999994,0.0
503.01,46.088899999999995,0.0
503.01,46.088899999999995,0.0
504.01,46.088899999999995,0.0
504.01,46.088899999999995,0.0
505.01,45.7666,0.0
505.01,46.088899999999995,0.0
507.0,45.7666,0.0
507.0,45.7666,0.0
508.03,45.4443,0.0
508.03,45.4443,0.0
509.02,45.122,0.0
509.02,45.4443,0.0
510.0,45.122,0.0
510.0,45.122,0.0
511.0,45.122,0.0
511.0,44.799699999999994,0.0
513.05,44.799699999999994,0.0
513.05,44.477399999999996,0.0
514.0,44.477399999999996,0.0
514.0,44.477399999999996,0.0
516.03,44.1551,0.0
516.03,44.1551,0.0
517.0,44.1551,0.0
517.0,44.1551,0.0
518.0,43.8328,0.0
518.0,43.8328,0.0
519.03,43.8328,0.0
519.03,43.8328,0.0
520.01,43.51049999999999,0.0
520.01,43.51049999999999,0.0
522.01,43.188199999999995,0.0
522.01,43.188199999999995,0.0
523.0,43.188199999999995,0.0
523.0,43.188199999999995,0.0
525.0,42.865899999999996,0.0
525.0,42.865899999999996,0.0
526.04,42.865899999999996,0.0
526.04,42.5436,0.0
528.0,42.5436,0.0
528.0,42.2213,0.0
529.0,42.2213,0.0
529.0,42.2213,0.0
530.0,42.2213,0.0
530.0,42.2213,0.0
531.01,41.898999999999994,0.0
531.01,41.898999999999994,0.0
532.0,41.898999999999994,0.0
532.0,41.898999999999994,0.0
534.0,41.576699999999995,0.0
534.0,41.576699999999995,0.0
535.0,41.2544,0.0
535.0,41.576699999999995,0.0
536.01,41.2544,0.0
536.01,41.2544,0.0
537.0,41.2544,0.0
537.0,41.2544,0.0
538.01,40.9321,0.0
538.01,40.9321,0.0
540.04,40.6098,0.0
540.04,40.6098,0.0
541.01,40.6098,0.0
541.01,40.6098,0.0
542.0,40.287499999999994,0.0
542.0,40.287499999999994,0.0
543.06,40.287499999999994,0.0
543.06,40.287499999999994,0.0
544.01,39.965199999999996,0.0
544.01,39.965199999999996,0.0
546.0,39.965199999999996,0.0
546.0,39.965199999999996,0.0
547.04,39.6429,0.0
547.04,39.6429,0.0
549.08,39.6429,0.0
549.08,39.3206,0.0
550.0,39.3206,0.0
550.0,39.3206,0.0
552.0,38.9983,0.0
552.0,38.9983,0.0
553.01,38.9983,0.0
553.01,38.9983,0.0
554.0,38.675999999999995,0.0
554.0,38.9983,0.0
555.03,38.675999999999995,0.0
555.03,38.675999999999995,0.0
556.05,38.675999999999995,0.0
556.05,38.675999999999995,0.0
558.0,38.353699999999996,0.0
558.0,38.353699999999996,0.0
559.0,38.353699999999996,0.0
559.0,38.353699999999996,0.0
560.01,38.0314,0.0
560.01,38.0314,0.0
561.01,38.0314,0.0
561.01,38.0314,0.0
562.07,37.7091,0.0
562.07,37.7091,0.0
564.02,37.7091,0.0
564.02,37.7091,0.0
565.07,37.386799999999994,0.0
565.07,37.386799999999994,0.0
567.0,37.386799999999994,0.0
567.0,37.386799999999994,0.0
568.0,37.064499999999995,0.0
568.0,37.064499999999995,0.0
569.01,37.064499999999995,0.0
569.01,37.064499999999995,0.0
570.07,36.7422,0.0
570.07,37.064499999999995,0.0
571.01,36.7422,0.0
571.01,36.7422,0.0
573.0,36.4199,0.0
573.0,36.4199,0.0
574.0,36.4199,0.0
574.0,36.4199,0.0
575.0,36.4199,0.0
575.0,36.4199,0.0
576.01,36.0976,0.0
576.01,36.4199,0.0
577.0,36.0976,0.0
577.0,36.0976,0.0
579.0,35.775299999999994,0.0
579.0,36.0976,0.0
580.0,35.775299999999994,0.0
580.0,35.775299999999994,0.0
581.0,35.775299999999994,0.0
581.0,35.775299999999994,0.0
582.04,35.775299999999994,0.0
582.04,35.452999999999996,0.0
583.08,35.452999999999996,0.0
583.08,35.452999999999996,0.0
585.0,35.1307,0.0
585.0,35.1307,0.0
586.12,35.1307,0.0
586.12,35.1307,0.0
588.0,35.1307,0.0
588.0,34.8084,0.0
589.02,34.8084,0.0
589.02,34.8084,0.0
590.0,34.8084,0.0
590.0,34.8084,0.0
591.0,34.8084,0.0
591.0,34.8084,0.0
592.0,34.4861,0.0
592.0,34.4861,0.0
593.05,34.4861,0.0
593.05,34.4861,0.0
594.0,34.4861,0.0
594.0,34.4861,0.0
596.0,34.163799999999995,0.0
596.0,34.163799999999995,0.0
597.0,34.163799999999995,0.0
597.0,34.163799999999995,0.0
599.0,33.841499999999996,0.0
599.0,33.841499999999996,0.0
600.0,33.841499999999996,0.0
600.0,33.841499999999996,0.0
601.0,33.841499999999996,0.0
601.0,33.841499999999996,0.0
602.02,33.5192,0.0
602.02,33.5192,0.0
603.08,33.5192,0.0
603.08,33.5192,0.0
605.0,33.5192,0.0
605.0,33.5192,0.0
606.06,33.1969,0.0
606.06,33.1969,0.0
608.01,33.1969,0.0
608.01,33.1969,0.0
609.01,32.8746,0.0
609.01,33.1969,0.0
611.0,32.8746,0.0
611.0,32.8746,0.0
612.0,32.8746,0.0
612.0,32.8746,0.0
614.0,32.552299999999995,0.0
614.0,32.552299999999995,0.0
615.02,32.552299999999995,0.0
615.02,32.552299999999995,0.0
617.03,32.23,0.0
617.03,32.23,0.0
618.01,32.23,0.0
618.01,32.23,0.0
620.03,32.23,0.0
620.03,31.9077,0.0
621.04,31.9077,0.0
621.04,32.23,0.0
622.0,31.9077,0.0
622.0,31.9077,0.0
623.01,31.9077,0.0
623.01,31.9077,0.0
624.0,31.9077,0.0
624.0,31.585399999999996,0.0
625.0,31.585399999999996,0.0
625.0,31.585399999999996,0.0
627.04,31.585399999999996,0.0
627.04,31.585399999999996,0.0
628.02,31.585399999999996,0.0
628.02,31.263099999999998,0.0
629.0,31.263099999999998,0.0
629.0,31.263099999999998,0.0
630.01,31.263099999999998,0.0
630.01,31.263099999999998,0.0
631.04,31.263099999999998,0.0
631.04,31.263099999999998,0.0
633.01,31.263099999999998,3.3913882860342066
633.01,30.940799999999996,3.3913882860342066
634.0,30.940799999999996,5.360099241114714
634.0,30.940799999999996,5.360099241114714
636.02,30.940799999999996,9.36978717763269
636.02,30.940799999999996,9.36978717763269
637.03,30.940799999999996,11.369355464379673
637.03,30.940799999999996,11.369355464379673
639.0,30.618499999999997,15.255545885476774
639.0,30.618499999999997,15.255545885476774
640.0,30.618499999999997,17.21963022999366
640.0,30.618499999999997,17.21963022999366
641.0,30.618499999999997,19.176891981105666
641.0,30.618499999999997,19.176891981105666
642.0,30.618499999999997,21.126555651712156
642.0,30.618499999999997,21.126555651712156
643.01,30.2962,23.087216819586263
643.01,30.618499999999997,23.087216819586263
645.0,30.2962,26.92225030111826
645.0,30.2962,26.92225030111826
646.0,30.2962,28.833831570385048
646.0,30.2962,28.833831570385048
648.05,30.2962,32.71603437731106
648.05,30.2962,32.71603437731106
649.01,30.2962,34.515705961876506
649.01,30.2962,34.515705961876506
650.0,30.2962,36.35840986492639
650.0,30.2962,36.35840986492639
651.0,30.2962,38.20539095176262
651.0,30.2962,38.20539095176262
652.03,30.2962,40.09194850825284
652.03,30.2962,40.09194850825284
654.01,30.2962,43.67052093804312
654.01,29.973899999999997,43.67052093804312
655.04,30.2962,45.505629727735574
655.04,30.2962,45.505629727735574
656.01,30.2962,47.21636370051371
656.01,30.2962,47.21636370051371
657.06,30.2962,49.048330074769936
657.06,30.2962,49.048330074769936
658.06,30.2962,50.77315244493692
658.06,30.2962,50.77315244493692
660.0,30.618499999999997,54.06133499175373
660.0,30.618499999999997,54.06133499175373
661.02,30.618499999999997,55.758147215916544
661.02,30.618499999999997,55.758147215916544
662.02,30.618499999999997,57.39938016841572
662.02,30.618499999999997,57.39938016841572
663.04,30.618499999999997,59.05000432449569
663.04,30.618499999999997,59.05000432449569
664.07,30.940799999999996,60.69210831788272
664.07,30.618499999999997,60.69210831788272
666.0,30.940799999999996,63.69984007458094
666.0,30.940799999999996,63.69984007458094
667.03,30.940799999999996,65.26680930556861
667.03,30.940799999999996,65.26680930556861
668.05,30.940799999999996,66.79153139247332
668.05,30.940799999999996,66.79153139247332
670.0,31.263099999999998,69.6292874437451
670.0,31.263099999999998,69.6292874437451
671.0,31.263099999999998,71.0441217770803
671.0,31.263099999999998,71.0441217770803
672.0,31.585399999999996,72.43080770361291
672.0,31.263099999999998,72.43080770361291
673.05,31.585399999999996,73.85593219106532
673.05,31.585399999999996,73.85593219106532
674.0,31.585399999999996,75.11754803012278
674.0,31.9077,75.11754803012278
675.02,31.9077,76.4422105831639
675.02,31.9077,76.4422105831639
676.05,31.9077,77.74788259285754
676.05,31.9077,77.74788259285754
678.02,32.23,80.15365798354263
678.02,32.23,80.15365798354263
679.03,32.552299999999995,81.33951376392221
679.03,32.552299999999995,81.33951376392221
681.01,32.552299999999995,83.56843102404271
681.01,32.552299999999995,83.56843102404271
682.01,32.8746,84.64502589323952
682.01,32.8746,84.64502589323952
683.0,33.1969,85.67782033935951
683.0,33.1969,85.67782033935951
684.0,33.1969,86.68726899714619
684.0,33.1969,86.68726899714619
685.01,33.5192,87.67194752826029
685.01,33.5192,87.67194752826029
687.01,33.841499999999996,89.51687919609276
687.01,33.841499999999996,89.51687919609276
688.0,34.163799999999995,90.37780531304557
688.0,33.841499999999996,90.37780531304557
689.01,34.163799999999995,91.21995490850661
689.01,34.163799999999995,91.21995490850661
690.01,34.163799999999995,92.01744449444914
690.01,34.4861,92.01744449444914
691.01,34.8084,92.77847582887453
691.01,34.4861,92.77847582887453
693.0,34.8084,94.18328423376445
693.0,35.1307,94.18328423376445
694.0,35.1307,94.83356450504448
694.0,35.452999999999996,94.83356450504448
696.03,35.775299999999994,96.03782020094268
696.03,35.775299999999994,96.03782020094268
697.03,35.775299999999994,96.5735203943748
697.03,35.775299999999994,96.5735203943748
699.02,36.4199,97.52553467225675
699.02,36.4199,97.52553467225675
700.03,36.4199,97.95026736299455
700.03,36.4199,97.95026736299455
702.04,37.064499999999995,98.67758577292113
702.04,37.064499999999995,98.67758577292113
703.06,37.386799999999994,98.9863252643563
703.06,37.386799999999994,98.9863252643563
705.03,37.7091,99.46701208115951
705.03,37.7091,99.46701208115951
706.05,38.0314,99.65584259469844
706.05,38.0314,99.65584259469844
707.0,38.353699999999996,99.79476777371183
707.0,38.353699999999996,99.79476777371183
708.01,38.675999999999995,99.90332972569277
708.01,38.675999999999995,99.90332972569277
709.01,38.675999999999995,99.97103630286828
709.01,38.675999999999995,99.97103630286828
711.0,39.3206,99.98792104421143
711.0,39.3206,99.98792104421143
712.01,39.6429,99.93646992813727
712.01,39.6429,99.93646992813727
713.0,39.6429,99.84683756913265
713.0,39.6429,99.84683756913265
714.07,39.965199999999996,99.70636412070307
714.07,39.965199999999996,99.70636412070307
715.04,40.287499999999994,99.53993117155804
715.04,40.287499999999994,99.53993117155804
718.03,40.9321,98.79376795811172
718.03,40.9321,98.79376795811172
719.0,41.2544,98.47638032789389
719.0,41.2544,98.47638032789389
720.0,41.576699999999995,98.11074581171312
720.0,41.576699999999995,98.11074581171312
721.0,41.898999999999994,97.70623881578689
721.0,41.898999999999994,97.70623881578689
722.03,41.898999999999994,97.24912672721145
722.03,42.2213,97.24912672721145
724.03,42.5436,96.24496889736837
724.03,42.5436,96.24496889736837
725.05,42.865899999999996,95.67401175764631
725.05,42.865899999999996,95.67401175764631
726.0,42.865899999999996,95.10676141572374
726.0,43.188199999999995,95.10676141572374
727.01,43.188199999999995,94.4663916036686
727.01,43.188199999999995,94.4663916036686
728.0,43.51049999999999,93.80164641092287
728.0,43.51049999999999,93.80164641092287
730.05,43.8328,92.30965633058761
730.05,44.1551,92.30965633058761
731.0,44.1551,91.565973552657
731.0,44.1551,91.565973552657
733.0,44.799699999999994,89.89363581301674
733.0,44.799699999999994,89.89363581301674
734.01,44.799699999999994,88.99479625105295
734.01,45.122,88.99479625105295
736.01,45.4443,87.10914563975852
736.01,45.4443,87.10914563975852
737.0,45.7666,86.12447721669116
737.0,45.7666,86.12447721669116
738.01,45.7666,85.0854545695987
738.01,45.7666,85.0854545695987
739.0,46.088899999999995,84.0336292848732
739.0,46.088899999999995,84.0336292848732
740.03,46.411199999999994,82.90467519286386
740.03,46.411199999999994,82.90467519286386
742.02,46.7335,80.62521850858892
742.02,46.7335,80.62521850858892
743.12,47.0558,79.31069592596425
743.12,46.7335,79.31069592596425
745.04,47.378099999999996,76.92553890276619
745.04,47.378099999999996,76.92553890276619
746.05,47.700399999999995,75.62552561644763
746.05,47.378099999999996,75.62552561644763
747.01,47.700399999999995,74.36152767950537
747.01,47.700399999999995,74.36152767950537
748.0,47.700399999999995,73.02959588643438
748.0,47.700399999999995,73.02959588643438
749.06,48.02269999999999,71.5720628570897
749.06,48.02269999999999,71.5720628570897
751.0,48.345,68.82245696087868
751.0,48.345,68.82245696087868
752.01,48.6673,67.35007658375048
752.01,48.6673,67.35007658375048
753.0,48.6673,65.88043046587121
753.0,48.6673,65.88043046587121
754.0,48.6673,64.36996941002299
754.0,48.989599999999996,64.36996941002299
755.01,48.989599999999996,62.81851791910653
755.01,48.989599999999996,62.81851791910653
757.02,49.311899999999994,59.65606004916798
757.02,49.311899999999994,59.65606004916798
758.01,49.311899999999994,58.06301437229139
758.01,49.311899999999994,58.06301437229139
760.03,49.63419999999999,54.7432944785068
760.03,49.63419999999999,54.7432944785068
761.0,49.63419999999999,53.11738519920803
761.0,49.63419999999999,53.11738519920803
762.03,49.9565,51.36924095874769
762.03,49.63419999999999,51.36924095874769
763.01,49.9565,49.68590130231622
763.01,49.9565,49.68590130231622
764.01,49.9565,47.94872307891636
764.01,49.9565,47.94872307891636
765.0,49.9565,46.210200601960274
765.0,49.9565,46.210200601960274
767.0,50.2788,42.64399783342231
767.0,50.2788,42.64399783342231
768.07,50.2788,40.70796718289074
768.07,50.2788,40.70796718289074
770.03,50.601099999999995,37.11433762042805
770.03,50.601099999999995,37.11433762042805
771.01,50.601099999999995,35.29599540216722
771.01,50.601099999999995,35.29599540216722
772.0,50.601099999999995,33.44546394087439
772.0,50.601099999999995,33.44546394087439
773.04,50.601099999999995,31.487496171447475
773.04,50.601099999999995,31.487496171447475
774.09,50.601099999999995,29.49701564196403
774.09,50.601099999999995,29.49701564196403
776.0,50.601099999999995,25.843812438162477
776.0,50.923399999999994,25.843812438162477
777.04,50.601099999999995,23.838588206524847
777.04,50.601099999999995,23.838588206524847
779.0,50.923399999999994,20.032435448321152
779.0,50.923399999999994,20.032435448321152
780.0,50.601099999999995,18.07840874318908
780.0,50.601099999999995,18.07840874318908
781.0,50.601099999999995,16.117219187832134
781.0,50.923399999999994,16.117219187832134
782.0,50.923399999999994,14.149643825586772
782.0,50.923399999999994,14.149643825586772
783.04,50.601099999999995,12.097429407232022
783.04,50.601099999999995,12.097429407232022
785.02,50.601099999999995,8.176732668885153
785.02,50.601099999999995,8.176732668885153
786.0,50.601099999999995,6.231107236305419
786.0,50.601099999999995,6.231107236305419
787.0,50.2788,4.243336215685772
787.0,50.601099999999995,4.243336215685772
788.07,50.601099999999995,2.1145796855141112
788.07,50.2788,2.1145796855141112
789.02,50.2788,0.22372805765161416
789.02,50.2788,0.22372805765161416
791.03,50.2788,0.0
791.03,50.2788,0.0
792.04,49.9565,0.0
792.04,50.2788,0.0
793.0,49.9565,0.0
793.0,49.9565,0.0
794.04,49.9565,0.0
794.04,49.9565,0.0
795.01,49.9565,0.0
795.01,49.9565,0.0
797.01,49.63419999999999,0.0
797.01,49.63419999999999,0.0
798.0,49.63419999999999,0.0
798.0,49.63419999999999,0.0
799.01,49.311899999999994,0.0
799.01,49.311899999999994,0.0
800.06,49.311899999999994,0.0
800.06,49.311899999999994,0.0
801.02,48.989599999999996,0.0
801.02,48.989599999999996,0.0
803.0,48.989599999999996,0.0
803.0,48.989599999999996,0.0
804.0,48.6673,0.0
804.0,48.6673,0.0
805.0,48.6673,0.0
805.0,48.6673,0.0
806.04,48.345,0.0
806.04,48.345,0.0
807.0,48.345,0.0
807.0,48.345,0.0
809.0,48.02269999999999,0.0
809.0,48.02269999999999,0.0
810.03,47.700399999999995,0.0
810.03,47.700399999999995,0.0
812.0,47.378099999999996,0.0
812.0,47.378099999999996,0.0
813.01,47.378099999999996,0.0
813.01,47.378099999999996,0.0
814.0,47.0558,0.0
814.0,47.378099999999996,0.0
815.01,47.0558,0.0
815.01,47.0558,0.0
816.0,46.7335,0.0
816.0,47.0558,0.0
818.03,46.7335,0.0
818.03,46.7335,0.0
819.03,46.411199999999994,0.0
819.03,46.411199999999994,0.0
821.0,46.088899999999995,0.0
821.0,46.088899999999995,0.0
822.0,45.7666,0.0
822.0,46.088899999999995,0.0
824.03,45.7666,0.0
824.03,45.7666,0.0
825.03,45.4443,0.0
825.03,45.4443,0.0
826.01,45.4443,0.0
826.01,45.4443,0.0
827.0,45.122,0.0
827.0,45.122,0.0
828.02,45.122,0.0
828.02,45.122,0.0
829.04,44.799699999999994,0.0
829.04,44.799699999999994,0.0
830.0,44.799699999999994,0.0
830.0,44.799699999999994,0.0
831.0,44.477399999999996,0.0
831.0,44.477399999999996,0.0
833.0,44.477399999999996,0.0
833.0,44.1551,0.0
834.0,44.1551,0.0
834.0,44.1551,0.0
835.0,43.8328,0.0
835.0,43.8328,0.0
836.07,43.8328,0.0
836.07,43.8328,0.0
837.14,43.51049999999999,0.0
837.14,43.51049999999999,0.0
839.02,43.188199999999995,0.0
839.02,43.51049999999999,0.0
840.01,43.188199999999995,0.0
840.01,43.188199999999995,0.0
841.01,43.188199999999995,0.0
841.01,43.188199999999995,0.0
842.01,42.865899999999996,0.0
842.01,42.865899999999996,0.0
843.01,42.865899999999996,0.0
843.01,42.865899999999996,0.0
845.03,42.2213,0.0
845.03,42.5436,0.0
846.03,42.2213,0.0
846.03,42.2213,0.0
848.01,41.898999999999994,0.0
848.01,41.898999999999994,0.0
849.0,41.898999999999994,0.0
849.0,41.898999999999994,0.0
851.0,41.576699999999995,0.0
851.0,41.576699999999995,0.0
852.0,41.576699999999995,0.0
852.0,41.2544,0.0
853.0,41.2544,0.0
853.0,41.2544,0.0
854.0,40.9321,0.0
854.0,41.2544,0.0
855.0,40.9321,0.0
855.0,40.9321,0.0
856.02,40.6098,0.0
856.02,40.9321,0.0
858.05,40.6098,0.0
858.05,40.6098,0.0
859.0,40.287499999999994,0.0
859.0,40.287499999999994,0.0
861.05,39.965199999999996,0.0
861.05,40.287499999999994,0.0
862.0,39.965199999999996,0.0
862.0,39.965199999999996,0.0
863.01,39.965199999999996,0.0
863.01,39.965199999999996,0.0
864.0,39.6429,0.0
864.0,39.6429,0.0
865.0,39.6429,0.0
865.0,39.6429,0.0
867.0,39.3206,0.0
867.0,39.3206,0.0
868.02,39.3206,0.0
868.02,39.3206,0.0
870.03,38.9983,0.0
870.03,38.9983,0.0
871.02,38.675999999999995,0.0
871.02,38.9983,0.0
872.01,38.675999999999995,0.0
872.01,38.675999999999995,0.0
873.01,38.675999999999995,0.0
873.01,38.675999999999995,0.0
874.07,38.353699999999996,0.0
874.07,38.353699999999996,0.0
876.03,38.353699999999996,0.0
876.03,38.353699999999996,0.0
877.01,38.0314,0.0
877.01,38.0314,0.0
879.03,37.7091,0.0
879.03,37.7091,0.0
880.0,37.7091,0.0
880.0,37.7091,0.0
881.06,37.7091,0.0
881.06,37.7091,0.0
882.04,37.386799999999994,0.0
882.04,37.386799999999994,0.0
883.07,37.386799999999994,0.0
883.07,37.386799999999994,0.0
884.07,37.386799999999994,0.0
884.07,37.386799999999994,0.0
886.0,37.064499999999995,0.0
886.0,37.064499999999995,0.0
887.0,36.7422,0.0
887.0,37.064499999999995,0.0
889.04,36.7422,0.0
889.04,36.7422,0.0
890.03,36.4199,0.0
890.03,36.4199,0.0
891.02,36.4199,0.0
891.02,36.4199,0.0
892.01,36.4199,0.0
892.01,36.4199,0.0
893.01,36.0976,0.0
893.01,36.4199,0.0
895.01,36.0976,0.0
895.01,36.0976,0.0
896.01,35.775299999999994,0.0
896.01,35.775299999999994,0.0
898.0,35.775299999999994,0.0
898.0,35.775299999999994,0.0
899.05,35.452999999999996,0.0
899.05,35.452999999999996,0.0
901.05,35.452999999999996,0.0
901.05,35.452999999999996,0.0
902.07,35.452999999999996,0.0
902.07,35.452999999999996,0.0
904.0,35.1307,0.0
904.0,35.1307,0.0
905.01,34.8084,0.0
905.01,34.8084,0.0
907.05,34.8084,0.0
907.05,34.8084,0.0
908.05,34.4861,0.0
908.05,34.4861,0.0
909.02,34.4861,0.0
909.02,34.4861,0.0
910.0,34.4861,0.0
910.0,34.4861,0.0
911.06,34.4861,0.0
911.06,34.4861,0.0
912.01,34.163799999999995,0.0
912.01,34.163799999999995,0.0
914.04,34.163799999999995,0.0
914.04,34.163799999999995,0.0
915.01,33.841499999999996,0.0
915.01,34.163799999999995,0.0
917.03,33.841499999999996,0.0
917.03,33.841499999999996,0.0
918.01,33.841499999999996,0.0
918.01,33.5192,0.0
919.0,33.5192,0.0
919.0,33.841499999999996,0.0
920.0,33.5192,0.0
920.0,33.5192,0.0
921.08,33.5192,0.0
921.08,33.5192,0.0
923.01,33.1969,0.0
923.01,33.1969,0.0
924.0,33.1969,0.0
924.0,33.1969,0.0
925.01,33.1969,0.0
925.01,33.1969,0.0
926.0,32.8746,0.0
926.0,32.8746,0.0
927.04,32.8746,0.0
927.04,32.8746,0.0
929.0,32.8746,0.0
929.0,32.8746,0.0
930.0,32.552299999999995,0.0
930.0,32.8746,0.0
931.0,32.552299999999995,0.0
931.0,32.552299999999995,0.0
932.01,32.552299999999995,0.0
932.01,32.552299999999995,0.0
933.0,32.552299999999995,0.0
933.0,32.552299999999995,0.0
935.05,32.23,0.0
935.05,32.23,0.0
936.0,32.23,0.0
936.0,32.23,0.0
938.01,31.9077,0.0
938.01,32.23,0.0
939.0,31.9077,0.0
939.0,31.9077,0.0
940.01,31.9077,0.0
940.01,31.9077,0.0
941.0,31.585399999999996,0.0
941.0,31.9077,0.0
942.03,31.585399999999996,0.0
942.03,31.585399999999996,0.0
944.01,31.585399999999996,0.0
944.01,31.585399999999996,0.0
945.01,31.585399999999996,0.0
945.01,31.585399999999996,0.0
947.01,31.263099999999998,0.10176575789630671
947.01,31.263099999999998,0.10176575789630671
948.07,31.263099999999998,2.2115534623925774
948.07,31.263099999999998,2.2115534623925774
950.0,30.940799999999996,6.049771550018914
950.0,31.263099999999998,6.049771550018914
951.03,30.940799999999996,8.094853256714526
951.03,30.940799999999996,8.094853256714526
953.03,30.940799999999996,12.055398257164383
953.03,30.940799999999996,12.055398257164383
954.0,30.940799999999996,13.96976993876042
954.0,30.940799999999996,13.96976993876042
956.0,30.618499999999997,17.899694013563185
956.0,30.618499999999997,17.899694013563185
957.0,30.618499999999997,19.85440663205338
957.0,30.618499999999997,19.85440663205338
958.03,30.618499999999997,21.85952850453208
958.03,30.618499999999997,21.85952850453208
959.07,30.618499999999997,23.87479217382197
959.07,30.618499999999997,23.87479217382197
960.07,30.618499999999997,25.802907505612083
960.07,30.2962,25.802907505612083
963.02,30.2962,31.428409959144705
963.02,30.2962,31.428409959144705
964.0,30.2962,33.27419282513409
964.0,30.2962,33.27419282513409
965.05,30.2962,35.237748450386086
965.05,30.2962,35.237748450386086
966.0,30.2962,37.001058675659785
966.0,30.2962,37.001058675659785
967.04,30.2962,38.91622622337544
967.04,30.2962,38.91622622337544
968.03,30.2962,40.723836803029585
968.03,30.2962,40.723836803029585
970.01,30.2962,44.290919801191734
970.01,30.2962,44.290919801191734
971.05,30.2962,46.13733064330938
971.05,30.2962,46.13733064330938
972.01,30.2962,47.82417891906226
972.01,30.2962,47.82417891906226
973.05,30.2962,49.631872313328515
973.05,30.2962,49.631872313328515
974.0,30.618499999999997,51.26456210055386
974.0,30.2962,51.26456210055386
976.0,30.618499999999997,54.641189551639116
976.0,30.618499999999997,54.641189551639116
977.0,30.618499999999997,56.297361565938566
977.0,30.618499999999997,56.297361565938566
979.01,30.618499999999997,59.55813252582228
979.01,30.618499999999997,59.55813252582228
980.04,30.940799999999996,61.19245701255657
980.04,30.618499999999997,61.19245701255657
982.0,30.940799999999996,64.23082862613282
982.0,30.940799999999996,64.23082862613282
983.0,30.940799999999996,65.74364243812475
983.0,30.940799999999996,65.74364243812475
985.02,31.263099999999998,68.71946295242667
985.02,31.263099999999998,68.71946295242667
986.03,31.263099999999998,70.16600924360414
986.03,31.263099999999998,70.16600924360414
988.03,31.585399999999996,72.94622526206066
988.03,31.585399999999996,72.94622526206066
989.03,31.585399999999996,74.29325279051288
989.03,31.585399999999996,74.29325279051288
991.0,31.9077,76.86029033696141
991.0,31.9077,76.86029033696141
992.0,31.9077,78.11837771497977
992.0,31.9077,78.11837771497977
994.02,32.23,80.56480240347629
994.02,32.552299999999995,80.56480240347629
995.01,32.552299999999995,81.71647484445708
995.01,32.552299999999995,81.71647484445708
996.06,32.552299999999995,82.90326026507697
996.06,32.552299999999995,82.90326026507697
997.13,32.8746,84.0753927380571
997.13,32.8746,84.0753927380571
998.0,32.8746,85.00034742534275
998.0,32.8746,85.00034742534275
1000.0,33.1969,87.02958150752829
1000.0,33.5192,87.02958150752829
