Time,T1,Q1
0.0,20.6272,0.0
0.0,20.949499999999997,0.0
1.0,20.949499999999997,4.997916927067833
1.0,20.949499999999997,4.997916927067833
2.01,20.949499999999997,10.03309062295611
2.01,20.949499999999997,10.03309062295611
3.08,20.949499999999997,15.339201073499456
3.08,20.949499999999997,15.339201073499456
5.0,20.949499999999997,24.740395925452294
5.0,20.949499999999997,24.740395925452294
6.0,20.6272,29.55202066613396
6.0,20.949499999999997,29.55202066613396
7.01,20.949499999999997,34.33674509300798
7.01,20.949499999999997,34.33674509300798
8.08,20.949499999999997,39.309946111743464
8.08,20.949499999999997,39.309946111743464
9.01,20.949499999999997,43.54157032729566
9.01,20.949499999999997,43.54157032729566
11.0,20.949499999999997,52.26872289306592
11.0,20.949499999999997,52.26872289306592
12.04,20.949499999999997,56.62920142398371
12.04,20.949499999999997,56.62920142398371
13.01,21.2718,60.55843719704299
13.01,21.2718,60.55843719704299
14.03,21.2718,64.5364225343632
14.03,21.2718,64.5364225343632
15.01,21.2718,68.20045192376844
15.01,21.2718,68.20045192376844
17.03,21.2718,75.22695342975825
17.03,21.594099999999997,75.22695342975825
18.03,21.594099999999997,78.42584429876258
18.03,21.594099999999997,78.42584429876258
20.01,21.9164,84.17410307657035
20.01,21.9164,84.17410307657035
21.05,21.9164,86.86644412218205
21.05,22.238699999999998,86.86644412218205
22.0,22.238699999999998,89.12073600614355
22.0,22.238699999999998,89.12073600614355
23.0,22.238699999999998,91.27639402605212
23.0,22.238699999999998,91.27639402605212
24.0,22.561,93.20390859672264
24.0,22.561,93.20390859672264
26.01,23.205599999999997,96.36918143811619
26.01,22.8833,96.36918143811619
27.0,23.205599999999997,97.5723357826659
27.0,23.205599999999997,97.5723357826659
29.05,23.5279,99.30111454207164
29.05,23.5279,99.30111454207164
30.0,23.850199999999997,99.74949866040545
30.0,23.850199999999997,99.74949866040545
32.02,24.1725,99.95439037373106
32.02,24.1725,99.95439037373106
33.01,24.494799999999998,99.68253434030379
33.01,24.494799999999998,99.68253434030379
35.0,25.1394,98.3985946873937
35.0,25.1394,98.3985946873937
36.04,25.461699999999997,97.33912792971326
36.04,25.461699999999997,97.33912792971326
37.0,25.461699999999997,96.12752029752998
37.0,25.461699999999997,96.12752029752998
38.02,25.784,94.5976325024428
38.02,25.784,94.5976325024428
39.08,26.106299999999997,92.74715639592453
39.08,26.106299999999997,92.74715639592453
41.04,26.750899999999998,88.64384491412397
41.04,26.750899999999998,88.64384491412397
42.03,27.073199999999996,86.24511266655944
42.03,27.073199999999996,86.24511266655944
44.03,27.717799999999997,80.7612742916455
44.03,27.717799999999997,80.7612742916455
45.03,28.0401,77.71300614750022
45.03,28.0401,77.71300614750022
46.0,28.362399999999997,74.57052121767201
46.0,28.362399999999997,74.57052121767201
47.0,28.362399999999997,71.14733527908443
47.0,28.362399999999997,71.14733527908443
48.07,28.6847,67.28781706082884
48.07,28.6847,67.28781706082884
50.05,29.329299999999996,59.64674169269239
50.05,29.329299999999996,59.64674169269239
51.06,29.6516,55.519105094610396
51.06,29.6516,55.519105094610396
53.05,29.973899999999997,46.98251130013
53.05,29.973899999999997,46.98251130013
54.01,30.2962,42.692779075917244
54.01,30.2962,42.692779075917244
55.05,30.618499999999997,37.93490458228083
55.05,30.618499999999997,37.93490458228083
56.0,30.940799999999996,33.498815015590466
56.0,30.940799999999996,33.498815015590466
57.09,31.263099999999998,28.31650736099711
57.09,30.940799999999996,28.31650736099711
59.06,31.585399999999996,18.747668826841906
59.06,31.263099999999998,18.747668826841906
60.04,31.585399999999996,13.913974214673381
60.04,31.585399999999996,13.913974214673381
62.03,31.9077,4.008191349165751
62.03,31.9077,4.008191349165751
63.07,32.23,0.0
63.07,32.23,0.0
65.0,32.23,0.0
65.0,32.23,0.0
66.0,32.552299999999995,0.0
66.0,32.552299999999995,0.0
67.01,32.552299999999995,0.0
67.01,32.552299999999995,0.0
68.0,32.8746,0.0
68.0,32.552299999999995,0.0
69.01,32.552299999999995,0.0
69.01,32.8746,0.0
71.05,32.8746,0.0
71.05,32.8746,0.0
72.05,32.8746,0.0
72.05,32.8746,0.0
74.0,33.1969,0.0
74.0,32.8746,0.0
75.0,32.8746,0.0
75.0,32.8746,0.0
76.0,33.1969,0.0
76.0,33.1969,0.0
77.0,32.8746,0.0
77.0,33.1969,0.0
78.06,33.1969,0.0
78.06,33.1969,0.0
80.04,33.1969,0.0
80.04,33.1969,0.0
81.02,33.1969,0.0
81.02,33.1969,0.0
83.02,32.8746,0.0
83.02,33.1969,0.0
84.04,33.1969,0.0
84.04,32.8746,0.0
86.0,32.8746,0.0
86.0,33.1969,0.0
87.03,32.8746,0.0
87.03,32.8746,0.0
89.02,32.8746,0.0
89.02,32.8746,0.0
90.01,32.8746,0.0
90.01,32.8746,0.0
92.0,32.8746,0.0
92.0,32.8746,0.0
93.01,32.552299999999995,0.0
93.01,32.552299999999995,0.0
94.0,32.552299999999995,0.0
94.0,32.552299999999995,0.0
95.0,32.552299999999995,0.0
95.0,32.552299999999995,0.0
96.07,32.552299999999995,0.0
96.07,32.552299999999995,0.0
99.04,32.552299999999995,0.0
99.04,32.552299999999995,0.0
100.02,32.552299999999995,0.0
100.02,32.23,0.0
101.04,32.23,0.0
101.04,32.23,0.0
102.0,32.23,0.0
102.0,32.23,0.0
103.01,32.23,0.0
103.01,32.23,0.0
104.09,32.23,0.0
104.09,32.23,0.0
106.01,31.9077,0.0
106.01,31.9077,0.0
107.03,31.9077,0.0
107.03,31.9077,0.0
108.01,31.9077,0.0
108.01,31.9077,0.0
109.01,31.9077,0.0
109.01,31.9077,0.0
110.05,31.9077,0.0
110.05,31.9077,0.0
112.0,31.585399999999996,0.0
112.0,31.585399999999996,0.0
113.05,31.585399999999996,0.0
113.05,31.585399999999996,0.0
114.0,31.585399999999996,0.0
114.0,31.585399999999996,0.0
115.04,31.585399999999996,0.0
115.04,31.585399999999996,0.0
116.01,31.585399999999996,0.0
116.01,31.263099999999998,0.0
118.0,31.263099999999998,0.0
118.0,31.263099999999998,0.0
119.0,31.263099999999998,0.0
119.0,31.263099999999998,0.0
120.0,31.263099999999998,0.0
120.0,31.263099999999998,0.0
121.06,31.263099999999998,0.0
121.06,30.940799999999996,0.0
123.03,30.940799999999996,0.0
123.03,30.940799999999996,0.0
124.0,30.940799999999996,0.0
124.0,30.940799999999996,0.0
125.01,30.940799999999996,0.0
125.01,30.940799999999996,0.0
126.07,30.940799999999996,2.031329558183737
126.07,30.940799999999996,2.031329558183737
127.07,30.618499999999997,7.025676600685279
127.07,30.618499999999997,7.025676600685279
129.0,30.618499999999997,16.60421058649572
129.0,30.618499999999997,16.60421058649572
130.01,30.618499999999997,21.560825499033573
130.01,30.618499999999997,21.560825499033573
132.05,30.2962,31.391596895245822
132.05,30.618499999999997,31.391596895245822
133.06,30.2962,36.14426588063745
133.06,30.2962,36.14426588063745
135.03,30.2962,45.13830764958472
135.03,30.2962,45.13830764958472
136.05,30.2962,49.628529849701046
136.05,30.2962,49.628529849701046
137.01,30.2962,53.73693431095163
137.01,30.2962,53.73693431095163
138.07,30.2962,58.12912534696666
138.07,30.2962,58.12912534696666
139.02,30.2962,61.92716145062837
139.02,30.2962,61.92716145062837
141.04,30.2962,69.5283805136994
141.04,30.2962,69.5283805136994
142.0,30.2962,72.89690401258765
142.0,30.2962,72.89690401258765
144.02,30.618499999999997,79.42758182283949
144.02,30.2962,79.42758182283949
145.01,30.618499999999997,82.33647382012101
145.01,30.618499999999997,82.33647382012101
146.0,30.618499999999997,85.04366206285648
146.0,30.618499999999997,85.04366206285648
147.01,30.618499999999997,87.59080620953128
147.01,30.618499999999997,87.59080620953128
148.02,30.618499999999997,89.91461937120998
148.02,30.618499999999997,89.91461937120998
150.0,30.940799999999996,93.7999976774739
150.0,30.940799999999996,93.7999976774739
151.0,31.263099999999998,95.41522662795151
151.0,31.263099999999998,95.41522662795151
153.04,31.585399999999996,97.9670963905348
153.04,31.585399999999996,97.9670963905348
154.0,31.585399999999996,98.81682338770004
154.0,31.585399999999996,98.81682338770004
155.04,31.9077,99.4804378490327
155.04,31.9077,99.4804378490327
156.03,31.9077,99.8623155114046
156.03,31.9077,99.8623155114046
157.01,32.23,99.99939391185563
157.01,32.23,99.99939391185563
158.01,32.552299999999995,99.89182159102455
158.01,32.23,99.89182159102455
160.0,32.8746,98.93582466233818
160.0,32.8746,98.93582466233818
161.0,32.8746,98.08498356203995
161.0,32.8746,98.08498356203995
163.06,33.5192,95.56261214704259
163.06,33.5192,95.56261214704259
164.08,33.841499999999996,93.93664150190673
164.08,33.5192,93.93664150190673
166.16,34.163799999999995,89.86919864625253
166.16,34.163799999999995,89.86919864625253
167.0,34.4861,87.94844975308649
167.0,34.4861,87.94844975308649
168.01,34.4861,85.433915694718
168.01,34.4861,85.433915694718
169.01,34.8084,82.72964870955197
169.01,34.8084,82.72964870955197
170.01,35.1307,79.81860068738024
170.01,35.1307,79.81860068738024
171.01,35.1307,76.70804773221383
171.01,35.452999999999996,76.70804773221383
174.02,36.0976,66.2220252076772
174.02,36.0976,66.2220252076772
175.03,36.4199,62.35519828536932
175.03,36.0976,62.35519828536932
176.0,36.4199,58.49171928917617
176.0,36.4199,58.49171928917617
177.06,36.7422,54.112806192365916
177.06,36.7422,54.112806192365916
178.01,36.7422,50.05880762436893
178.01,36.7422,50.05880762436893
180.04,37.386799999999994,41.0295401696131
180.04,37.386799999999994,41.0295401696131
181.06,37.386799999999994,36.32725009771622
181.06,37.386799999999994,36.32725009771622
183.04,37.7091,26.940772179470766
183.04,38.0314,26.940772179470766
184.02,38.0314,22.191495919636846
184.02,38.0314,22.191495919636846
186.0,38.353699999999996,12.44544235070617
186.0,38.353699999999996,12.44544235070617
187.0,38.353699999999996,7.470829038953478
187.0,38.353699999999996,7.470829038953478
189.09,38.675999999999995,0.0
189.09,38.675999999999995,0.0
190.0,38.675999999999995,0.0
190.0,38.675999999999995,0.0
192.01,38.9983,0.0
192.01,38.675999999999995,0.0
193.01,38.675999999999995,0.0
193.01,38.9983,0.0
194.0,38.9983,0.0
194.0,38.9983,0.0
195.02,38.9983,0.0
195.02,38.9983,0.0
196.01,38.9983,0.0
196.01,38.9983,0.0
198.0,38.9983,0.0
198.0,38.9983,0.0
199.02,38.9983,0.0
199.02,38.9983,0.0
200.0,38.9983,0.0
200.0,38.9983,0.0
201.06,38.9983,0.0
201.06,38.9983,0.0
202.07,38.9983,0.0
202.07,38.9983,0.0
204.0,38.9983,0.0
204.0,38.9983,0.0
205.01,38.675999999999995,0.0
205.01,38.9983,0.0
206.07,38.675999999999995,0.0
206.07,38.675999999999995,0.0
208.0,38.675999999999995,0.0
208.0,38.675999999999995,0.0
209.01,38.675999999999995,0.0
209.01,38.675999999999995,0.0
211.0,38.675999999999995,0.0
211.0,38.675999999999995,0.0
212.0,38.353699999999996,0.0
212.0,38.353699999999996,0.0
214.04,38.353699999999996,0.0
214.04,38.353699999999996,0.0
215.03,38.353699999999996,0.0
215.03,38.353699999999996,0.0
216.01,38.353699999999996,0.0
216.01,38.0314,0.0
217.0,38.0314,0.0
217.0,38.0314,0.0
218.02,38.0314,0.0
218.02,38.0314,0.0
220.07,37.7091,0.0
220.07,37.7091,0.0
221.0,37.7091,0.0
221.0,37.7091,0.0
222.0,37.7091,0.0
222.0,37.7091,0.0
223.02,37.386799999999994,0.0
223.02,37.7091,0.0
224.09,37.386799999999994,0.0
224.09,37.386799999999994,0.0
226.0,37.386799999999994,0.0
226.0,37.386799999999994,0.0
227.04,37.386799999999994,0.0
227.04,37.064499999999995,0.0
229.01,37.064499999999995,0.0
229.01,37.064499999999995,0.0
230.01,37.064499999999995,0.0
230.01,37.064499999999995,0.0
231.01,36.7422,0.0
231.01,36.7422,0.0
232.0,36.7422,0.0
232.0,36.7422,0.0
233.0,36.7422,0.0
233.0,36.4199,0.0
235.0,36.4199,0.0
235.0,36.4199,0.0
236.0,36.4199,0.0
236.0,36.4199,0.0
237.01,36.4199,0.0
237.01,36.4199,0.0
238.01,36.4199,0.0
238.01,36.0976,0.0
239.01,36.0976,0.0
239.01,36.0976,0.0
241.03,35.775299999999994,0.0
241.03,35.775299999999994,0.0
242.03,35.775299999999994,0.0
242.03,35.775299999999994,0.0
243.01,35.775299999999994,0.0
243.01,35.452999999999996,0.0
244.01,35.452999999999996,0.0
244.01,35.775299999999994,0.0
245.01,35.452999999999996,0.0
245.01,35.452999999999996,0.0
247.0,35.452999999999996,0.0
247.0,35.452999999999996,0.0
248.03,35.1307,0.0
248.03,35.1307,0.0
249.01,35.1307,0.0
249.01,35.1307,0.0
250.03,35.1307,0.0
250.03,35.1307,0.0
251.07,34.8084,0.0
251.07,35.1307,0.0
253.0,34.8084,8.353193749110819
253.0,34.8084,8.353193749110819
254.0,34.8084,13.323204141994397
254.0,34.8084,13.323204141994397
255.02,34.4861,18.358223061475854
255.02,34.4861,18.358223061475854
256.02,34.4861,23.24825417501942
256.02,34.4861,23.24825417501942
257.05,34.4861,28.22410998456306
257.05,34.4861,28.22410998456306
259.01,34.163799999999995,37.47521104947384
259.01,34.163799999999995,37.47521104947384
260.0,34.163799999999995,42.016703682664094
260.0,34.163799999999995,42.016703682664094
261.01,34.163799999999995,46.54379721462619
261.01,34.163799999999995,46.54379721462619
262.01,34.163799999999995,50.909188407998684
262.01,34.163799999999995,50.909188407998684
263.01,34.163799999999995,55.14733314334398
263.01,34.163799999999995,55.14733314334398
265.0,34.163799999999995,63.161098771823866
265.0,34.163799999999995,63.161098771823866
266.03,34.163799999999995,67.0683132272019
266.03,34.163799999999995,67.0683132272019
268.04,33.841499999999996,74.17187944720123
268.04,34.163799999999995,74.17187944720123
269.05,34.163799999999995,77.46297214786573
269.05,34.163799999999995,77.46297214786573
271.0,34.163799999999995,83.25135458540397
271.0,34.163799999999995,83.25135458540397
272.0,34.163799999999995,85.91618148564967
272.0,34.163799999999995,85.91618148564967
274.0,34.4861,90.59547423084626
274.0,34.163799999999995,90.59547423084626
275.0,34.4861,92.59824428086272
275.0,34.4861,92.59824428086272
277.03,34.8084,95.9473923762477
277.03,34.8084,95.9473923762477
278.03,34.8084,97.23588324823919
278.03,34.8084,97.23588324823919
280.0,35.1307,99.06073556948704
280.0,35.1307,99.06073556948704
281.01,35.1307,99.62467707963896
281.01,35.1307,99.62467707963896
283.0,35.452999999999996,99.9917657430403
283.0,35.452999999999996,99.9917657430403
284.0,35.775299999999994,99.80266527163616
284.0,35.775299999999994,99.80266527163616
285.0,35.775299999999994,99.36411011327625
285.0,35.775299999999994,99.36411011327625
286.0,36.0976,98.67719642746134
286.0,36.0976,98.67719642746134
287.06,36.0976,97.6798324260558
287.06,36.4199,97.6798324260558
288.01,36.4199,96.55277471693637
288.01,36.4199,96.55277471693637
290.03,36.7422,93.43616175674046
290.03,36.7422,93.43616175674046
291.01,37.064499999999995,91.5787142657965
291.01,37.064499999999995,91.5787142657965
292.0,37.386799999999994,89.47911721405035
292.0,37.386799999999994,89.47911721405035
293.0,37.386799999999994,87.13579722097512
293.0,37.386799999999994,87.13579722097512
294.07,37.7091,84.38741094087221
294.07,37.7091,84.38741094087221
296.0,38.0314,78.82520673753163
296.0,38.0314,78.82520673753163
297.0,38.353699999999996,75.6512151641241
297.0,38.353699999999996,75.6512151641241
298.0,38.675999999999995,72.2881349511976
298.0,38.675999999999995,72.2881349511976
299.02,38.675999999999995,68.67171392227188
299.02,38.675999999999995,68.67171392227188
300.02,38.9983,64.952782722698
300.02,38.9983,64.952782722698
302.0,39.3206,57.11968696599872
302.0,39.3206,57.11968696599872
303.01,39.6429,52.90352319372577
303.01,39.6429,52.90352319372577
304.01,39.6429,48.59617595806616
304.01,39.965199999999996,48.59617595806616
305.01,39.965199999999996,44.16736359091043
305.01,39.965199999999996,44.16736359091043
306.0,40.287499999999994,39.674057313061205
306.0,39.965199999999996,39.674057313061205
308.02,40.6098,30.216525242847535
308.02,40.6098,30.216525242847535
309.05,40.6098,25.269366894052574
309.05,40.6098,25.269366894052574
311.0,40.9321,15.730716010676025
311.0,40.9321,15.730716010676025
312.0,40.9321,10.77536522994423
312.0,40.9321,10.77536522994423
313.0,41.2544,5.793081647839481
313.0,40.9321,5.793081647839481
314.0,41.2544,0.7963183785935567
314.0,40.9321,0.7963183785935567
315.04,41.2544,0.0
315.04,41.2544,0.0
317.0,41.2544,0.0
317.0,41.2544,0.0
318.04,41.2544,0.0
318.04,41.576699999999995,0.0
319.0,41.576699999999995,0.0
319.0,41.576699999999995,0.0
320.07,41.2544,0.0
320.07,41.2544,0.0
321.07,41.2544,0.0
321.07,41.2544,0.0
323.05,41.2544,0.0
323.05,41.576699999999995,0.0
324.0,41.576699999999995,0.0
324.0,41.2544,0.0
326.0,41.2544,0.0
326.0,41.2544,0.0
327.0,41.2544,0.0
327.0,41.2544,0.0
328.01,41.2544,0.0
328.01,41.2544,0.0
329.01,41.2544,0.0
329.01,41.2544,0.0
330.01,41.2544,0.0
330.01,41.2544,0.0
332.0,41.2544,0.0
332.0,40.9321,0.0
333.01,40.9321,0.0
333.01,40.9321,0.0
335.05,40.9321,0.0
335.05,40.9321,0.0
336.05,40.6098,0.0
336.05,40.6098,0.0
337.01,40.6098,0.0
337.01,40.6098,0.0
338.01,40.6098,0.0
338.01,40.6098,0.0
339.02,40.6098,0.0
339.02,40.6098,0.0
341.0,40.287499999999994,0.0
341.0,40.287499999999994,0.0
342.03,40.287499999999994,0.0
342.03,40.287499999999994,0.0
344.05,39.965199999999996,0.0
344.05,39.965199999999996,0.0
345.0,39.965199999999996,0.0
345.0,39.965199999999996,0.0
346.04,39.965199999999996,0.0
346.04,39.965199999999996,0.0
347.0,39.6429,0.0
347.0,39.6429,0.0
348.01,39.6429,0.0
348.01,39.6429,0.0
349.01,39.6429,0.0
349.01,39.6429,0.0
351.03,39.3206,0.0
351.03,39.3206,0.0
352.04,39.3206,0.0
352.04,39.3206,0.0
354.02,38.9983,0.0
354.02,38.9983,0.0
355.04,38.9983,0.0
355.04,38.9983,0.0
356.01,38.9983,0.0
356.01,38.9983,0.0
357.01,38.675999999999995,0.0
357.01,38.675999999999995,0.0
358.01,38.675999999999995,0.0
358.01,38.675999999999995,0.0
360.01,38.353699999999996,0.0
360.01,38.353699999999996,0.0
361.07,38.353699999999996,0.0
361.07,38.353699999999996,0.0
363.0,38.0314,0.0
363.0,38.0314,0.0
364.02,38.0314,0.0
364.02,38.0314,0.0
365.0,37.7091,0.0
365.0,37.7091,0.0
366.06,37.7091,0.0
366.06,37.7091,0.0
367.0,37.7091,0.0
367.0,37.7091,0.0
369.02,37.386799999999994,0.0
369.02,37.386799999999994,0.0
370.0,37.386799999999994,0.0
370.0,37.386799999999994,0.0
371.01,37.064499999999995,0.0
371.01,37.386799999999994,0.0
372.0,37.064499999999995,0.0
372.0,37.064499999999995,0.0
373.0,37.064499999999995,0.0
373.0,37.064499999999995,0.0
375.0,36.7422,0.0
375.0,36.7422,0.0
376.06,36.7422,0.0
376.06,36.7422,0.0
378.01,36.4199,5.092204546679268
378.01,36.4199,5.092204546679268
379.0,36.4199,10.027526670709095
379.0,36.4199,10.027526670709095
381.01,36.0976,19.95945018689322
381.01,36.0976,19.95945018689322
382.0,36.0976,24.78342079829598
382.0,36.0976,24.78342079829598
383.0,36.0976,29.594442186632445
383.0,35.775299999999994,29.594442186632445
384.0,35.775299999999994,34.331492881989874
384.0,36.0976,34.331492881989874
385.01,35.775299999999994,39.02877224842263
385.01,35.775299999999994,39.02877224842263
386.0,35.775299999999994,43.536536037289316
386.0,35.775299999999994,43.536536037289316
388.02,35.775299999999994,52.39177958066534
388.02,35.775299999999994,52.39177958066534
389.07,35.775299999999994,56.78932616633474
389.07,35.775299999999994,56.78932616633474
391.03,35.452999999999996,64.57033821326158
391.03,35.452999999999996,64.57033821326158
392.01,35.452999999999996,68.23292278552695
392.01,35.452999999999996,68.23292278552695
393.04,35.452999999999996,71.90567524971094
393.04,35.452999999999996,71.90567524971094
394.0,35.452999999999996,75.15734153521507
394.0,35.452999999999996,75.15734153521507
395.0,35.452999999999996,78.36028759783554
395.0,35.452999999999996,78.36028759783554
397.0,35.775299999999994,84.17108384451784
397.0,35.452999999999996,84.17108384451784
398.01,35.775299999999994,86.78925850732358
398.01,35.775299999999994,86.78925850732358
400.04,35.775299999999994,91.37595884172534
400.04,35.775299999999994,91.37595884172534
401.0,35.775299999999994,93.21999093342652
401.0,35.775299999999994,93.21999093342652
402.03,36.0976,94.95958370673722
402.03,36.0976,94.95958370673722
403.01,36.0976,96.38102958601577
403.01,36.0976,96.38102958601577
404.0,36.0976,97.58205177669763
404.0,36.0976,97.58205177669763
406.01,36.4199,99.28263126951288
406.01,36.4199,99.28263126951288
407.0,36.4199,99.75263011148543
407.0,36.4199,99.75263011148543
409.04,37.064499999999995,99.949925170429
409.04,36.7422,99.949925170429
410.01,37.064499999999995,99.67898878930956
410.01,37.064499999999995,99.67898878930956
411.0,37.064499999999995,99.16074956086182
411.0,37.386799999999994,99.16074956086182
412.05,37.386799999999994,98.34569128645549
412.05,37.386799999999994,98.34569128645549
413.03,37.7091,97.34040921584996
413.03,37.7091,97.34040921584996
415.0,38.0314,94.61564284508708
415.0,38.0314,94.61564284508708
416.0,38.353699999999996,92.87952340772404
416.0,38.0314,92.87952340772404
418.04,38.675999999999995,88.62328215843411
418.04,38.675999999999995,88.62328215843411
419.0,38.675999999999995,86.29850902600535
419.0,38.675999999999995,86.29850902600535
420.0,38.9983,83.6655638536056
420.0,38.9983,83.6655638536056
421.0,39.3206,80.82349834375502
421.0,39.3206,80.82349834375502
422.01,39.3206,77.74798050467598
422.01,39.3206,77.74798050467598
423.0,39.6429,74.54092598275017
423.0,39.6429,74.54092598275017
425.0,39.965199999999996,67.5135653292801
425.0,39.965199999999996,67.5135653292801
426.04,40.287499999999994,63.58802935415048
426.04,40.287499999999994,63.58802935415048
428.0,40.6098,55.73150535176584
428.0,40.6098,55.73150535176584
429.05,40.9321,51.29763936656375
429.05,40.9321,51.29763936656375
430.01,40.9321,47.11980482939199
430.01,40.9321,47.11980482939199
431.03,41.2544,42.56214865339621
431.03,41.2544,42.56214865339621
432.07,41.2544,37.80125118919813
432.07,41.2544,37.80125118919813
434.0,41.576699999999995,28.705265132772507
434.0,41.576699999999995,28.705265132772507
435.02,41.576699999999995,23.78469404674927
435.02,41.898999999999994,23.78469404674927
436.0,41.898999999999994,18.998667579543774
436.0,41.898999999999994,18.998667579543774
437.01,41.898999999999994,14.018531471686572
437.01,41.898999999999994,14.018531471686572
438.08,41.898999999999994,8.70383032685639
438.08,42.2213,8.70383032685639
440.02,42.2213,0.0
440.02,42.2213,0.0
441.01,42.2213,0.0
441.01,42.2213,0.0
442.0,42.2213,0.0
442.0,42.5436,0.0
443.0,42.5436,0.0
443.0,42.2213,0.0
444.01,42.5436,0.0
444.01,42.5436,0.0
446.01,42.2213,0.0
446.01,42.5436,0.0
447.03,42.5436,0.0
447.03,42.5436,0.0
449.02,42.5436,0.0
449.02,42.5436,0.0
450.0,42.2213,0.0
450.0,42.2213,0.0
452.02,42.2213,0.0
452.02,42.2213,0.0
453.05,42.2213,0.0
453.05,42.2213,0.0
454.0,42.2213,0.0
454.0,42.2213,0.0
455.01,42.2213,0.0
455.01,42.2213,0.0
456.09,42.2213,0.0
456.09,42.2213,0.0
458.01,41.898999999999994,0.0
458.01,41.898999999999994,0.0
459.0,41.898999999999994,0.0
459.0,41.898999999999994,0.0
460.01,41.898999999999994,0.0
460.01,41.898999999999994,0.0
461.0,41.576699999999995,0.0
461.0,41.576699999999995,0.0
462.09,41.576699999999995,0.0
462.09,41.576699999999995,0.0
464.04,41.576699999999995,0.0
464.04,41.576699999999995,0.0
465.06,41.2544,0.0
465.06,41.2544,0.0
467.06,41.2544,0.0
467.06,41.2544,0.0
468.0,41.2544,0.0
468.0,40.9321,0.0
470.04,40.9321,0.0
470.04,40.9321,0.0
471.02,40.9321,0.0
471.02,40.6098,0.0
472.05,40.6098,0.0
472.05,40.6098,0.0
473.07,40.6098,0.0
473.07,40.6098,0.0
474.05,40.6098,0.0
474.05,40.6098,0.0
476.02,40.287499999999994,0.0
476.02,40.287499999999994,0.0
477.0,40.287499999999994,0.0
477.0,39.965199999999996,0.0
478.01,39.965199999999996,0.0
478.01,39.965199999999996,0.0
480.0,39.965199999999996,0.0
480.0,39.6429,0.0
481.0,39.6429,0.0
481.0,39.6429,0.0
482.0,39.6429,0.0
482.0,39.6429,0.0
483.04,39.3206,0.0
483.04,39.6429,0.0
484.01,39.3206,0.0
484.01,39.3206,0.0
486.0,38.9983,0.0
486.0,38.9983,0.0
487.02,38.9983,0.0
487.02,38.9983,0.0
488.0,38.9983,0.0
488.0,38.9983,0.0
489.02,38.675999999999995,0.0
489.02,38.675999999999995,0.0
490.0,38.675999999999995,0.0
490.0,38.675999999999995,0.0
491.01,38.675999999999995,0.0
491.01,38.675999999999995,0.0
492.01,38.353699999999996,0.0
492.01,38.353699999999996,0.0
494.0,38.353699999999996,0.0
494.0,38.353699999999996,0.0
495.06,38.0314,0.0
495.06,38.0314,0.0
497.03,38.0314,0.0
497.03,38.0314,0.0
498.07,37.7091,0.0
498.07,37.7091,0.0
500.0,37.386799999999994,0.0
500.0,37.7091,0.0
501.01,37.386799999999994,0.0
501.01,37.386799999999994,0.0
503.0,37.064499999999995,1.7257914496563216
503.0,37.386799999999994,1.7257914496563216
504.03,37.064499999999995,6.870460482726615
504.03,37.064499999999995,6.870460482726615
505.04,37.064499999999995,11.897627619745155
505.04,37.064499999999995,11.897627619745155
506.07,36.7422,16.993013371000266
506.07,36.7422,16.993013371000266
507.06,36.7422,21.848215000516984
507.06,36.7422,21.848215000516984
509.01,36.7422,31.24383186674277
509.01,36.7422,31.24383186674277
510.01,36.4199,35.952496667646514
510.01,36.4199,35.952496667646514
512.0,36.4199,45.044059427538926
512.0,36.4199,45.044059427538926
513.01,36.4199,49.49339102638999
513.01,36.4199,49.49339102638999
515.04,36.0976,58.04317308910589
515.04,36.0976,58.04317308910589
516.0,36.4199,61.883502212003926
516.0,36.0976,61.883502212003926
517.0,36.0976,65.73213256800776
517.0,36.0976,65.73213256800776
518.0,36.0976,69.41646682522446
518.0,36.0976,69.41646682522446
519.01,36.0976,72.96149809341307
519.01,36.0976,72.96149809341307
521.01,36.0976,79.42418414449908
521.01,36.0976,79.42418414449908
522.05,36.0976,82.47493228578051
522.05,36.0976,82.47493228578051
524.04,36.4199,87.68443814645941
524.04,36.4199,87.68443814645941
525.04,36.4199,89.97772545982296
525.04,36.4199,89.97772545982296
526.0,36.4199,91.96776446620198
526.0,36.4199,91.96776446620198
527.01,36.4199,93.83268096513792
527.01,36.4199,93.83268096513792
528.0,36.7422,95.42850944926981
528.0,36.7422,95.42850944926981
530.04,36.7422,97.97599543605445
530.04,36.7422,97.97599543605445
531.01,37.064499999999995,98.83125904458532
531.01,37.064499999999995,98.83125904458532
532.0,37.064499999999995,99.46447738778382
532.0,37.064499999999995,99.46447738778382
533.01,37.064499999999995,99.85938385245679
533.01,37.064499999999995,99.85938385245679
534.01,37.386799999999994,99.99953866317992
534.01,37.386799999999994,99.99953866317992
536.02,37.7091,99.52542943352545
536.02,37.7091,99.52542943352545
537.06,37.7091,98.88512663636001
537.06,37.7091,98.88512663636001
538.0,38.0314,98.07632477451521
538.0,38.0314,98.07632477451521
539.05,38.353699999999996,96.91685954790584
539.05,38.353699999999996,96.91685954790584
540.01,38.353699999999996,95.6229739459233
540.01,38.353699999999996,95.6229739459233
542.01,38.9983,92.22396228230009
542.01,38.675999999999995,92.22396228230009
543.03,38.9983,90.13314989994674
543.03,38.9983,90.13314989994674
545.04,39.3206,85.33271746568074
545.04,39.3206,85.33271746568074
546.04,39.6429,82.62028081373262
546.04,39.6429,82.62028081373262
547.0,39.6429,79.8219693379788
547.0,39.6429,79.8219693379788
548.0,39.965199999999996,76.71163526355278
548.0,39.965199999999996,76.71163526355278
549.05,40.287499999999994,73.23957129610865
549.05,40.287499999999994,73.23957129610865
550.03,40.287499999999994,69.81669149591639
550.03,40.287499999999994,69.81669149591639
552.06,40.9321,62.20309601372788
552.06,40.6098,62.20309601372788
553.01,40.9321,58.41511968971815
553.01,40.9321,58.41511968971815
554.0,41.2544,54.32756692322449
554.0,41.2544,54.32756692322449
555.04,41.2544,49.890417058104696
555.04,41.2544,49.890417058104696
556.08,41.576699999999995,45.31839390081704
556.08,41.576699999999995,45.31839390081704
558.0,41.898999999999994,36.5652620282618
558.0,41.898999999999994,36.5652620282618
559.04,41.898999999999994,31.678110563074043
559.04,41.898999999999994,31.678110563074043
561.0,42.2213,22.24569850815534
561.0,42.2213,22.24569850815534
562.0,42.5436,17.34521552458921
562.0,42.2213,17.34521552458921
563.0,42.2213,12.40137853542523
563.0,42.5436,12.40137853542523
564.0,42.5436,7.426544558435777
564.0,42.5436,7.426544558435777
565.02,42.5436,2.3331764932383856
565.02,42.5436,2.3331764932383856
567.01,42.865899999999996,0.0
567.01,42.865899999999996,0.0
568.0,42.865899999999996,0.0
568.0,42.865899999999996,0.0
569.01,42.865899999999996,0.0
569.01,42.865899999999996,0.0
570.01,42.865899999999996,0.0
570.01,42.865899999999996,0.0
571.0,42.865899999999996,0.0
571.0,42.865899999999996,0.0
573.0,42.865899999999996,0.0
573.0,42.865899999999996,0.0
574.01,42.865899999999996,0.0
574.01,42.865899999999996,0.0
576.01,42.865899999999996,0.0
576.01,42.865899999999996,0.0
577.0,42.865899999999996,0.0
577.0,42.865899999999996,0.0
579.01,42.5436,0.0
579.01,42.5436,0.0
580.0,42.5436,0.0
580.0,42.5436,0.0
582.0,42.5436,0.0
582.0,42.5436,0.0
583.0,42.5436,0.0
583.0,42.2213,0.0
584.0,42.2213,0.0
584.0,42.2213,0.0
585.01,42.2213,0.0
585.01,42.2213,0.0
586.0,42.2213,0.0
586.0,42.2213,0.0
588.01,41.898999999999994,0.0
588.01,41.898999999999994,0.0
589.03,41.898999999999994,0.0
589.03,41.898999999999994,0.0
591.0,41.898999999999994,0.0
591.0,41.576699999999995,0.0
592.01,41.576699999999995,0.0
592.01,41.576699999999995,0.0
593.0,41.576699999999995,0.0
593.0,41.576699999999995,0.0
594.0,41.2544,0.0
594.0,41.2544,0.0
595.08,41.2544,0.0
595.08,41.2544,0.0
597.0,41.2544,0.0
597.0,41.2544,0.0
598.04,40.9321,0.0
598.04,40.9321,0.0
599.01,40.9321,0.0
599.01,40.9321,0.0
601.03,40.6098,0.0
601.03,40.6098,0.0
602.0,40.6098,0.0
602.0,40.6098,0.0
603.0,40.287499999999994,0.0
603.0,40.287499999999994,0.0
604.0,40.287499999999994,0.0
604.0,40.287499999999994,0.0
605.0,40.287499999999994,0.0
605.0,40.287499999999994,0.0
607.0,39.965199999999996,0.0
607.0,39.965199999999996,0.0
608.0,39.965199999999996,0.0
608.0,39.965199999999996,0.0
610.0,39.6429,0.0
610.0,39.6429,0.0
611.05,39.6429,0.0
611.05,39.3206,0.0
613.03,39.3206,0.0
613.03,39.3206,0.0
614.02,39.3206,0.0
614.02,38.9983,0.0
615.0,38.9983,0.0
615.0,38.9983,0.0
616.0,38.9983,0.0
616.0,38.9983,0.0
617.03,38.675999999999995,0.0
617.03,38.675999999999995,0.0
619.0,38.675999999999995,0.0
619.0,38.675999999999995,0.0
620.0,38.353699999999996,0.0
620.0,38.353699999999996,0.0
622.03,38.353699999999996,0.0
622.03,38.0314,0.0
623.0,38.0314,0.0
623.0,38.0314,0.0
624.01,38.0314,0.0
624.01,38.0314,0.0
625.08,38.0314,0.0
625.08,38.0314,0.0
626.03,37.7091,0.0
626.03,37.7091,0.0
628.0,37.386799999999994,0.0
628.0,37.386799999999994,0.0
629.03,37.386799999999994,3.5565961710189433
629.03,37.386799999999994,3.5565961710189433
630.0,37.386799999999994,8.397445569174684
630.0,37.386799999999994,8.397445569174684
631.0,37.064499999999995,13.36721477132546
631.0,37.064499999999995,13.36721477132546
632.04,37.064499999999995,18.50015741219678
632.04,37.064499999999995,18.50015741219678
634.0,37.064499999999995,28.026816976902296
634.0,37.064499999999995,28.026816976902296
635.05,36.7422,33.02547579990526
635.05,36.7422,33.02547579990526
636.03,36.7422,37.60905605959724
636.03,36.7422,37.60905605959724
638.0,36.4199,46.53884763549586
638.0,36.4199,46.53884763549586
639.01,36.7422,50.94740576091511
639.01,36.4199,50.94740576091511
641.05,36.4199,59.44435309559905
641.05,36.4199,59.44435309559905
642.0,36.4199,63.1955213006885
642.0,36.4199,63.1955213006885
644.01,36.4199,70.65233903265708
644.01,36.4199,70.65233903265708
645.04,36.4199,74.20165696303002
645.04,36.4199,74.20165696303002
647.04,36.4199,80.52360571735588
647.04,36.4199,80.52360571735588
648.01,36.4199,83.30361986680809
648.01,36.4199,83.30361986680809
650.01,36.4199,88.41041789724102
650.01,36.4199,88.41041789724102
651.05,36.4199,90.71972621622864
651.05,36.4199,90.71972621622864
653.01,36.7422,94.40075640481801
653.01,36.7422,94.40075640481801
654.04,36.7422,95.9739535021898
654.04,37.064499999999995,95.9739535021898
655.01,37.064499999999995,97.22288792577795
655.01,37.064499999999995,97.22288792577795
656.01,37.064499999999995,98.27105743949832
656.01,37.064499999999995,98.27105743949832
657.01,37.064499999999995,99.07360048819744
657.01,37.064499999999995,99.07360048819744
659.0,37.386799999999994,99.93257914509735
659.0,37.386799999999994,99.93257914509735
660.0,37.7091,99.99118601072672
660.0,37.7091,99.99118601072672
661.0,37.7091,99.79986698573225
661.0,37.7091,99.79986698573225
662.0,38.0314,99.3591002680395
662.0,37.7091,99.3591002680395
663.01,38.0314,98.66184758025241
663.01,38.0314,98.66184758025241
665.05,38.353699999999996,96.48886700083226
665.05,38.353699999999996,96.48886700083226
666.02,38.675999999999995,95.10200852531933
666.02,38.675999999999995,95.10200852531933
668.02,38.9983,91.54075323399772
668.02,38.9983,91.54075323399772
669.04,39.3206,89.36972565956242
669.04,39.3206,89.36972565956242
670.0,39.3206,87.11400001691764
670.0,39.6429,87.11400001691764
671.01,39.6429,84.52427087907903
671.01,39.6429,84.52427087907903
672.0,39.965199999999996,81.77662545264418
672.0,39.965199999999996,81.77662545264418
674.0,40.287499999999994,75.6221658786063
674.0,40.287499999999994,75.6221658786063
675.03,40.6098,72.15366801809822
675.03,40.287499999999994,72.15366801809822
676.0,40.6098,68.71211462047391
676.0,40.6098,68.71211462047391
677.04,40.9321,64.84291628879899
677.04,40.9321,64.84291628879899
678.03,40.9321,60.99671929198636
678.03,40.9321,60.99671929198636
680.0,41.2544,52.90826861200239
680.0,41.2544,52.90826861200239
681.0,41.576699999999995,48.60106331313124
681.0,41.576699999999995,48.60106331313124
683.04,41.898999999999994,39.44958955466941
683.04,41.898999999999994,39.44958955466941
684.02,41.898999999999994,34.901442626866974
684.02,41.898999999999994,34.901442626866974
685.0,42.2213,30.269514100631547
685.0,42.2213,30.269514100631547
686.09,42.2213,25.032815740318842
686.09,42.2213,25.032815740318842
687.04,42.5436,20.407545061639958
687.04,42.5436,20.407545061639958
689.05,42.5436,10.482625261240994
689.05,42.5436,10.482625261240994
690.05,42.865899999999996,5.4991435487888625
690.05,42.865899999999996,5.4991435487888625
692.02,42.865899999999996,0.0
692.02,42.865899999999996,0.0
693.02,42.865899999999996,0.0
693.02,42.865899999999996,0.0
695.04,42.865899999999996,0.0
695.04,42.865899999999996,0.0
696.04,42.865899999999996,0.0
696.04,43.188199999999995,0.0
698.0,42.865899999999996,0.0
698.0,43.188199999999995,0.0
699.01,43.188199999999995,0.0
699.01,42.865899999999996,0.0
701.01,43.188199999999995,0.0
701.01,42.865899999999996,0.0
702.01,42.865899999999996,0.0
702.01,42.865899999999996,0.0
703.01,42.865899999999996,0.0
703.01,42.865899999999996,0.0
704.05,42.865899999999996,0.0
704.05,42.865899999999996,0.0
705.05,42.865899999999996,0.0
705.05,42.865899999999996,0.0
707.0,42.5436,0.0
707.0,42.5436,0.0
708.0,42.5436,0.0
708.0,42.5436,0.0
709.01,42.5436,0.0
709.01,42.5436,0.0
710.01,42.5436,0.0
710.01,42.2213,0.0
711.09,42.2213,0.0
711.09,42.5436,0.0
713.0,42.2213,0.0
713.0,42.2213,0.0
714.08,42.2213,0.0
714.08,42.2213,0.0
716.03,41.898999999999994,0.0
716.03,41.898999999999994,0.0
717.03,41.898999999999994,0.0
717.03,41.898999999999994,0.0
718.03,41.898999999999994,0.0
718.03,41.576699999999995,0.0
719.05,41.576699999999995,0.0
719.05,41.576699999999995,0.0
720.06,41.576699999999995,0.0
720.06,41.576699999999995,0.0
722.01,41.2544,0.0
722.01,41.2544,0.0
723.05,41.2544,0.0
723.05,41.2544,0.0
725.0,40.9321,0.0
725.0,40.9321,0.0
726.06,40.9321,0.0
726.06,40.6098,0.0
728.05,40.6098,0.0
728.05,40.6098,0.0
729.05,40.6098,0.0
729.05,40.6098,0.0
731.01,40.287499999999994,0.0
731.01,40.287499999999994,0.0
732.06,40.287499999999994,0.0
732.06,40.287499999999994,0.0
734.05,39.965199999999996,0.0
734.05,39.965199999999996,0.0
735.02,39.6429,0.0
735.02,39.965199999999996,0.0
737.0,39.6429,0.0
737.0,39.6429,0.0
738.05,39.6429,0.0
738.05,39.6429,0.0
740.05,39.3206,0.0
740.05,39.3206,0.0
741.01,38.9983,0.0
741.01,39.3206,0.0
742.0,38.9983,0.0
742.0,38.9983,0.0
743.01,38.9983,0.0
743.01,38.9983,0.0
744.02,38.675999999999995,0.0
744.02,38.675999999999995,0.0
746.0,38.675999999999995,0.0
746.0,38.675999999999995,0.0
747.04,38.353699999999996,0.0
747.04,38.353699999999996,0.0
749.04,38.0314,0.0
749.04,38.0314,0.0
750.0,38.0314,0.0
750.0,38.0314,0.0
752.04,38.0314,0.0
752.04,37.7091,0.0
753.0,37.7091,0.0
753.0,37.7091,0.0
754.05,37.7091,0.33881504400335866
754.05,37.7091,0.33881504400335866
755.0,37.386799999999994,5.086619639930669
755.0,37.386799999999994,5.086619639930669
756.06,37.386799999999994,10.370138460411416
756.06,37.386799999999994,10.370138460411416
757.01,37.064499999999995,15.081055746727385
757.01,37.386799999999994,15.081055746727385
759.05,37.064499999999995,25.068536025370207
759.05,37.064499999999995,25.068536025370207
760.0,37.064499999999995,29.63685787093853
760.0,37.064499999999995,29.63685787093853
762.04,36.7422,39.207688314046194
762.04,36.7422,39.207688314046194
763.0,36.7422,43.57651007780332
763.0,36.7422,43.57651007780332
764.0,36.7422,48.0204780438259
764.0,36.7422,48.0204780438259
765.05,36.7422,52.55727101460095
765.05,36.7422,52.55727101460095
766.01,36.7422,56.57876243470987
766.01,36.7422,56.57876243470987
768.0,36.4199,64.48967329448728
768.0,36.4199,64.48967329448728
769.06,36.4199,68.44785215752657
769.06,36.4199,68.44785215752657
771.04,36.4199,75.31834039998706
771.04,36.4199,75.31834039998706
772.03,36.4199,78.48091765946327
772.03,36.4199,78.48091765946327
773.0,36.4199,81.39318097637596
773.0,36.7422,81.39318097637596
774.0,36.4199,84.19505260923049
774.0,36.4199,84.19505260923049
775.0,36.4199,86.78648045849773
775.0,36.4199,86.78648045849773
777.02,36.7422,91.35336011279159
777.02,36.7422,91.35336011279159
778.06,36.7422,93.34409410640862
778.06,36.7422,93.34409410640862
780.01,37.064499999999995,96.39285872702925
780.01,37.064499999999995,96.39285872702925
781.0,37.064499999999995,97.5917485269948
781.0,37.064499999999995,97.5917485269948
783.0,37.386799999999994,99.28196248550557
783.0,37.386799999999994,99.28196248550557
784.04,37.386799999999994,99.76951261841114
784.04,37.386799999999994,99.76951261841114
786.0,37.7091,99.95472750438917
786.0,37.7091,99.95472750438917
787.01,38.0314,99.67542358105294
787.01,37.7091,99.67542358105294
789.0,38.353699999999996,98.382724833131
789.0,38.353699999999996,98.382724833131
790.0,38.353699999999996,97.3645455694978
790.0,38.353699999999996,97.3645455694978
792.02,38.675999999999995,94.5687979772461
792.02,38.675999999999995,94.5687979772461
793.06,38.9983,92.75133755802916
793.06,38.9983,92.75133755802916
794.01,39.3206,90.87188738006125
794.01,39.3206,90.87188738006125
795.02,39.3206,88.64902097731282
795.02,39.3206,88.64902097731282
796.05,39.6429,86.14939174498767
796.05,39.6429,86.14939174498767
798.0,39.965199999999996,80.7973403666981
798.0,39.965199999999996,80.7973403666981
799.02,40.287499999999994,77.68857202502294
799.02,40.287499999999994,77.68857202502294
801.04,40.6098,70.94408426174189
801.04,40.6098,70.94408426174189
802.0,40.9321,67.48079928938668
802.0,40.9321,67.48079928938668
803.04,40.9321,63.553749655940535
803.04,40.9321,63.553749655940535
804.01,41.2544,59.73594547835729
804.01,41.2544,59.73594547835729
805.0,41.2544,55.69462797382114
805.0,41.2544,55.69462797382114
806.0,41.576699999999995,51.4740116923832
806.0,41.576699999999995,51.4740116923832
808.05,41.898999999999994,42.431429473377364
808.05,41.898999999999994,42.431429473377364
809.02,41.898999999999994,37.99150848180696
809.02,42.2213,37.99150848180696
811.0,42.2213,28.662723370449466
811.0,42.2213,28.662723370449466
812.0,42.5436,23.838687174889206
812.0,42.5436,23.838687174889206
814.01,42.5436,13.97456075961957
814.01,42.5436,13.97456075961957
815.02,42.5436,8.958423792628771
815.02,42.5436,8.958423792628771
817.04,42.865899999999996,0.0
817.04,42.865899999999996,0.0
818.0,42.865899999999996,0.0
818.0,42.865899999999996,0.0
819.04,42.865899999999996,0.0
819.04,42.865899999999996,0.0
821.04,43.188199999999995,0.0
821.04,43.188199999999995,0.0
822.03,43.188199999999995,0.0
822.03,43.188199999999995,0.0
823.0,43.188199999999995,0.0
823.0,43.188199999999995,0.0
824.0,43.188199999999995,0.0
824.0,43.188199999999995,0.0
825.0,42.865899999999996,0.0
825.0,43.188199999999995,0.0
827.03,43.188199999999995,0.0
827.03,43.188199999999995,0.0
828.0,42.865899999999996,0.0
828.0,43.188199999999995,0.0
830.05,42.865899999999996,0.0
830.05,42.865899999999996,0.0
831.0,42.865899999999996,0.0
831.0,42.865899999999996,0.0
832.01,42.865899999999996,0.0
832.01,42.865899999999996,0.0
833.06,42.865899999999996,0.0
833.06,42.5436,0.0
835.0,42.5436,0.0
835.0,42.5436,0.0
836.02,42.5436,0.0
836.02,42.5436,0.0
837.0,42.5436,0.0
837.0,42.5436,0.0
838.03,42.2213,0.0
838.03,42.5436,0.0
839.01,42.2213,0.0
839.01,42.2213,0.0
841.0,42.2213,0.0
841.0,41.898999999999994,0.0
842.0,41.898999999999994,0.0
842.0,42.2213,0.0
843.0,41.898999999999994,0.0
843.0,41.898999999999994,0.0
844.07,41.898999999999994,0.0
844.07,41.898999999999994,0.0
845.05,41.576699999999995,0.0
845.05,41.576699999999995,0.0
847.02,41.576699999999995,0.0
847.02,41.576699999999995,0.0
848.0,41.2544,0.0
848.0,41.576699999999995,0.0
849.0,41.2544,0.0
849.0,41.2544,0.0
850.05,41.2544,0.0
850.05,41.2544,0.0
851.01,40.9321,0.0
851.01,40.9321,0.0
853.02,40.9321,0.0
853.02,40.9321,0.0
854.01,40.6098,0.0
854.01,40.6098,0.0
856.0,40.6098,0.0
856.0,40.6098,0.0
857.05,40.287499999999994,0.0
857.05,40.287499999999994,0.0
859.0,39.965199999999996,0.0
859.0,40.287499999999994,0.0
860.0,39.965199999999996,0.0
860.0,39.965199999999996,0.0
862.02,39.6429,0.0
862.02,39.6429,0.0
863.02,39.6429,0.0
863.02,39.6429,0.0
864.0,39.6429,0.0
864.0,39.6429,0.0
865.01,39.3206,0.0
865.01,39.3206,0.0
866.06,39.3206,0.0
866.06,39.3206,0.0
868.0,38.9983,0.0
868.0,38.9983,0.0
869.04,38.9983,0.0
869.04,38.9983,0.0
871.0,38.675999999999995,0.0
871.0,38.675999999999995,0.0
872.01,38.675999999999995,0.0
872.01,38.675999999999995,0.0
874.0,38.353699999999996,0.0
874.0,38.353699999999996,0.0
875.02,38.353699999999996,0.0
875.02,38.353699999999996,0.0
877.03,38.0314,0.0
877.03,38.0314,0.0
878.0,38.0314,0.0
878.0,38.0314,0.0
879.0,37.7091,0.0
879.0,37.7091,0.0
880.0,37.7091,1.7701925105413578
880.0,37.7091,1.7701925105413578
881.01,37.7091,6.814998631708101
881.01,37.7091,6.814998631708101
882.04,37.386799999999994,11.941718866667367
882.04,37.386799999999994,11.941718866667367
884.03,37.386799999999994,21.745161692377643
884.03,37.386799999999994,21.745161692377643
885.01,37.064499999999995,26.499896576929594
885.01,37.064499999999995,26.499896576929594
887.02,36.7422,36.040575942124754
887.02,36.7422,36.040575942124754
888.03,36.7422,40.70324544977423
888.03,36.7422,40.70324544977423
890.01,36.7422,49.53197348225204
890.01,36.7422,49.53197348225204
891.03,36.7422,53.89607557720546
891.03,36.7422,53.89607557720546
892.0,36.7422,57.91640280442709
892.0,36.4199,57.91640280442709
893.03,36.4199,62.03609661579442
893.03,36.4199,62.03609661579442
894.05,36.7422,65.95371620031045
894.05,36.7422,65.95371620031045
896.0,36.7422,72.95767373928584
896.0,36.4199,72.95767373928584
897.0,36.4199,76.28456582169403
897.0,36.4199,76.28456582169403
898.0,36.4199,79.42078621778232
898.0,36.4199,79.42078621778232
899.01,36.7422,82.38684536009875
899.01,36.4199,82.38684536009875
900.02,36.4199,85.14284209836582
900.02,36.7422,85.14284209836582
902.04,36.7422,89.99709392888265
902.04,36.7422,89.99709392888265
903.06,36.7422,92.10245883002064
903.06,36.7422,92.10245883002064
905.05,37.064499999999995,95.51609364329234
905.05,37.064499999999995,95.51609364329234
906.01,37.064499999999995,96.82675274286889
906.01,37.064499999999995,96.82675274286889
908.02,37.386799999999994,98.8456066147434
908.02,37.386799999999994,98.8456066147434
909.01,37.386799999999994,99.47419036347455
909.01,37.386799999999994,99.47419036347455
910.06,37.386799999999994,99.87455841260487
910.06,37.386799999999994,99.87455841260487
912.0,37.7091,99.8900090745021
912.0,38.0314,99.8900090745021
913.0,38.0314,99.530823627661
913.0,38.0314,99.530823627661
914.02,38.353699999999996,98.90817562924585
914.02,38.353699999999996,98.90817562924585
915.0,38.353699999999996,98.06764664578257
915.0,38.353699999999996,98.06764664578257
916.01,38.353699999999996,96.95507989719164
916.01,38.675999999999995,96.95507989719164
917.08,38.675999999999995,95.5068200773336
917.08,38.675999999999995,95.5068200773336
919.03,38.9983,92.16803535678095
919.03,38.9983,92.16803535678095
920.0,39.3206,90.17883476488092
920.0,39.3206,90.17883476488092
921.01,39.6429,87.88229882664646
921.01,39.3206,87.88229882664646
922.01,39.6429,85.3877230782596
922.01,39.6429,85.3877230782596
923.01,39.965199999999996,82.679722491244
923.01,39.965199999999996,82.679722491244
925.05,40.287499999999994,76.52243809814698
925.05,40.287499999999994,76.52243809814698
926.0,40.6098,73.37939983903692
926.0,40.6098,73.37939983903692
928.03,40.9321,66.11794555593332
928.03,40.9321,66.11794555593332
929.0,40.9321,62.403019394787506
929.0,41.2544,62.403019394787506
930.0,41.2544,58.41965844132856
930.0,41.2544,58.41965844132856
931.02,41.576699999999995,54.20627208015315
931.02,41.576699999999995,54.20627208015315
932.04,41.576699999999995,49.8519257623417
932.04,41.576699999999995,49.8519257623417
934.03,41.898999999999994,40.9941390052094
934.03,41.898999999999994,40.9941390052094
935.02,42.2213,36.430816144685046
935.02,42.2213,36.430816144685046
937.0,42.5436,27.047828907794436
937.0,42.5436,27.047828907794436
938.05,42.5436,21.95857179122976
938.05,42.5436,21.95857179122976
939.01,42.5436,17.252230968617212
939.01,42.5436,17.252230968617212
940.0,42.865899999999996,12.3573122745224
940.0,42.865899999999996,12.3573122745224
941.03,42.865899999999996,7.232659655883733
941.03,42.865899999999996,7.232659655883733
943.04,42.865899999999996,0.0
943.04,42.865899999999996,0.0
944.01,43.188199999999995,0.0
944.01,42.865899999999996,0.0
946.0,43.188199999999995,0.0
946.0,43.188199999999995,0.0
947.0,43.188199999999995,0.0
947.0,43.188199999999995,0.0
948.02,43.188199999999995,0.0
948.02,43.188199999999995,0.0
949.04,43.188199999999995,0.0
949.04,43.188199999999995,0.0
950.05,43.188199999999995,0.0
950.05,43.188199999999995,0.0
951.03,43.188199999999995,0.0
951.03,43.188199999999995,0.0
953.01,43.188199999999995,0.0
953.01,43.188199999999995,0.0
954.05,42.865899999999996,0.0
954.05,42.865899999999996,0.0
956.01,42.865899999999996,0.0
956.01,42.865899999999996,0.0
957.05,42.865899999999996,0.0
957.05,42.865899999999996,0.0
959.0,42.865899999999996,0.0
959.0,42.865899999999996,0.0
960.0,42.5436,0.0
960.0,42.5436,0.0
961.0,42.5436,0.0
961.0,42.5436,0.0
962.0,42.5436,0.0
962.0,42.5436,0.0
963.01,42.5436,0.0
963.01,42.5436,0.0
965.03,42.2213,0.0
965.03,42.2213,0.0
966.02,42.2213,0.0
966.02,42.2213,0.0
967.0,41.898999999999994,0.0
967.0,41.898999999999994,0.0
968.02,41.898999999999994,0.0
968.02,41.898999999999994,0.0
969.08,41.898999999999994,0.0
969.08,41.898999999999994,0.0
971.0,41.576699999999995,0.0
971.0,41.576699999999995,0.0
972.0,41.576699999999995,0.0
972.0,41.576699999999995,0.0
973.0,41.576699999999995,0.0
973.0,41.576699999999995,0.0
974.0,41.2544,0.0
974.0,41.2544,0.0
975.0,41.2544,0.0
975.0,41.2544,0.0
977.02,40.9321,0.0
977.02,40.9321,0.0
978.02,40.9321,0.0
978.02,40.9321,0.0
980.0,40.6098,0.0
980.0,40.6098,0.0
981.02,40.6098,0.0
981.02,40.6098,0.0
982.0,40.287499999999994,0.0
982.0,40.287499999999994,0.0
983.01,40.287499999999994,0.0
983.01,40.287499999999994,0.0
984.08,40.287499999999994,0.0
984.08,40.287499999999994,0.0
986.03,39.965199999999996,0.0
986.03,39.965199999999996,0.0
987.01,39.965199999999996,0.0
987.01,39.965199999999996,0.0
989.02,39.6429,0.0
989.02,39.6429,0.0
990.04,39.6429,0.0
990.04,39.6429,0.0
992.03,39.3206,0.0
992.03,39.3206,0.0
993.02,38.9983,0.0
993.02,39.3206,0.0
994.0,38.9983,0.0
994.0,38.9983,0.0
995.01,38.9983,0.0
995.01,38.9983,0.0
996.01,38.675999999999995,0.0
996.01,38.675999999999995,0.0
998.01,38.675999999999995,0.0
998.01,38.675999999999995,0.0
999.0,38.353699999999996,0.0
999.0,38.353699999999996,0.0
