Time,T1,Q1
0.0,20.949499999999997,0.0
0.0,20.949499999999997,0.0
3.01,20.949499999999997,0.15049994318562931
3.01,20.949499999999997,0.15049994318562931
4.01,20.949499999999997,0.2004998656641916
4.01,20.949499999999997,0.2004998656641916
6.04,20.949499999999997,0.30199954094007603
6.04,20.949499999999997,0.30199954094007603
7.0,20.949499999999997,0.3499992854171044
7.0,20.949499999999997,0.3499992854171044
8.06,20.949499999999997,0.4029989091537692
8.06,20.949499999999997,0.4029989091537692
9.01,20.949499999999997,0.4504984761834192
9.01,20.949499999999997,0.4504984761834192
10.01,20.949499999999997,0.5004979104130318
10.01,20.949499999999997,0.5004979104130318
12.0,20.949499999999997,0.59999640000648
12.0,20.949499999999997,0.59999640000648
13.0,20.949499999999997,0.6499954229263358
13.0,20.949499999999997,0.6499954229263358
15.02,20.949499999999997,0.750992940607391
15.02,20.949499999999997,0.750992940607391
16.02,20.949499999999997,0.8009914346541277
16.02,20.6272,0.8009914346541277
18.0,20.949499999999997,0.8999878500492076
18.0,20.6272,0.8999878500492076
19.01,20.949499999999997,0.9504856879069412
19.01,20.949499999999997,0.9504856879069412
21.0,20.949499999999997,1.0499807063563567
21.0,20.6272,1.0499807063563567
22.0,20.949499999999997,1.0999778168008754
22.0,20.949499999999997,1.0999778168008754
23.0,20.949499999999997,1.149974652250946
23.0,20.949499999999997,1.149974652250946
24.05,20.6272,1.202471019834268
24.05,20.949499999999997,1.202471019834268
25.07,20.949499999999997,1.2534671739707197
25.07,20.949499999999997,1.2534671739707197
27.0,20.949499999999997,1.3499589941236678
27.0,20.949499999999997,1.3499589941236678
28.0,20.949499999999997,1.3999542671148513
28.0,20.949499999999997,1.3999542671148513
30.0,20.949499999999997,1.499943750632809
30.0,20.949499999999997,1.499943750632809
31.01,20.949499999999997,1.5504378760815396
31.01,20.6272,1.5504378760815396
33.01,20.949499999999997,1.650425064187562
33.01,20.949499999999997,1.650425064187562
34.01,20.949499999999997,1.7004180455803615
34.01,20.949499999999997,1.7004180455803615
36.01,20.949499999999997,1.800402720554314
36.01,20.949499999999997,1.800402720554314
37.04,20.949499999999997,1.8518941321121327
37.04,20.949499999999997,1.8518941321121327
38.0,20.949499999999997,1.8998856853967314
38.0,20.949499999999997,1.8998856853967314
39.0,20.949499999999997,1.9498764210995674
39.0,20.949499999999997,1.9498764210995674
40.01,20.949499999999997,2.0003665693116406
40.01,20.949499999999997,2.0003665693116406
42.06,20.949499999999997,2.102844990982311
42.06,20.949499999999997,2.102844990982311
43.01,20.949499999999997,2.150334248660046
43.01,20.949499999999997,2.150334248660046
45.0,20.949499999999997,2.2498101610553616
45.0,20.949499999999997,2.2498101610553616
46.01,20.949499999999997,2.300297089757299
46.01,20.949499999999997,2.300297089757299
47.0,20.949499999999997,2.349783708055781
47.0,20.949499999999997,2.349783708055781
48.0,20.949499999999997,2.399769606635429
48.0,20.949499999999997,2.399769606635429
49.05,20.949499999999997,2.4522541542319094
49.05,20.949499999999997,2.4522541542319094
51.05,20.949499999999997,2.5522228391693877
51.05,20.949499999999997,2.5522228391693877
52.01,20.949499999999997,2.6002069075446754
52.01,20.949499999999997,2.6002069075446754
54.0,20.949499999999997,2.699671961957215
54.0,20.949499999999997,2.699671961957215
55.01,20.949499999999997,2.750153209437836
55.01,20.949499999999997,2.750153209437836
56.01,20.949499999999997,2.800133951652846
56.01,20.949499999999997,2.800133951652846
57.01,20.949499999999997,2.850113993834383
57.01,20.949499999999997,2.850113993834383
58.09,20.949499999999997,2.9040916387042035
58.09,20.949499999999997,2.9040916387042035
60.02,20.949499999999997,3.000549570133321
60.02,20.949499999999997,3.000549570133321
61.0,20.949499999999997,3.0495271449108747
61.0,20.949499999999997,3.0495271449108747
62.0,20.949499999999997,3.099503507190413
62.0,21.2718,3.099503507190413
63.0,20.949499999999997,3.149479094594091
63.0,20.949499999999997,3.149479094594091
64.01,21.2718,3.1999536386098613
64.01,20.949499999999997,3.1999536386098613
66.0,20.949499999999997,3.299401082611982
66.0,21.2718,3.299401082611982
67.01,20.949499999999997,3.349873164997103
67.01,20.949499999999997,3.349873164997103
68.0,21.2718,3.399344971195145
68.0,21.2718,3.399344971195145
69.0,21.2718,3.449315646978829
69.0,21.2718,3.449315646978829
70.01,20.949499999999997,3.4997851541711382
70.01,20.949499999999997,3.4997851541711382
72.0,20.949499999999997,3.5992224503869257
72.0,21.2718,3.5992224503869257
73.0,20.949499999999997,3.6491896019011936
73.0,21.2718,3.6491896019011936
74.0,21.2718,3.6991558411180807
74.0,21.2718,3.6991558411180807
75.0,21.2718,3.7491211555460264
75.0,21.2718,3.7491211555460264
76.01,21.2718,3.7995851716896514
76.01,21.2718,3.7995851716896514
78.0,21.2718,3.8990114251841095
78.0,21.2718,3.8990114251841095
79.03,21.2718,3.950471745065692
79.03,21.2718,3.950471745065692
80.0,21.2718,3.998933418663416
80.0,21.2718,3.998933418663416
81.01,21.2718,4.049392511991066
81.01,21.2718,4.049392511991066
82.03,21.2718,4.10035015217506
82.03,21.2718,4.10035015217506
84.01,21.2718,4.1992648679171225
84.01,21.2718,4.1992648679171225
85.0,21.2718,4.248720688459956
85.0,21.2718,4.248720688459956
86.0,21.2718,4.298675005834976
86.0,21.2718,4.298675005834976
87.0,21.2718,4.348628248541267
87.0,21.2718,4.348628248541267
88.01,21.2718,4.399079920113615
88.01,21.2718,4.399079920113615
90.01,21.2718,4.498980897545215
90.01,21.2718,4.498980897545215
91.0,21.2718,4.548430222917028
91.0,21.2718,4.548430222917028
93.03,21.2718,4.649822815491214
93.03,21.2718,4.649822815491214
94.0,21.2718,4.698269807777454
94.0,21.2718,4.698269807777454
95.0,21.2718,4.748214003577962
95.0,21.2718,4.748214003577962
96.01,21.2718,4.798656436375597
96.01,21.594099999999997,4.798656436375597
97.01,21.2718,4.848598233524956
97.01,21.594099999999997,4.848598233524956
98.01,21.2718,4.898538818524782
98.01,21.2718,4.898538818524782
99.01,21.594099999999997,4.9484781788899275
99.01,21.594099999999997,4.9484781788899275
101.0,21.2718,5.047853813267249
101.0,21.594099999999997,5.047853813267249
102.0,21.594099999999997,5.097789437503238
102.0,21.2718,5.097789437503238
104.0,21.594099999999997,5.19765685014963
104.0,21.594099999999997,5.19765685014963
105.01,21.594099999999997,5.248087924623338
105.01,21.594099999999997,5.248087924623338
107.0,21.594099999999997,5.347448192306289
107.0,21.594099999999997,5.347448192306289
108.0,21.594099999999997,5.3973759826109555
108.0,21.594099999999997,5.3973759826109555
110.0,21.594099999999997,5.497227502706773
110.0,21.594099999999997,5.497227502706773
111.04,21.594099999999997,5.549148126966064
111.04,21.594099999999997,5.549148126966064
113.0,21.594099999999997,5.646994444347695
113.0,21.594099999999997,5.646994444347695
114.01,21.594099999999997,5.697413139269942
114.01,21.594099999999997,5.697413139269942
116.01,21.594099999999997,5.797247839416772
116.01,21.594099999999997,5.797247839416772
117.0,21.594099999999997,5.846663877153489
117.0,21.594099999999997,5.846663877153489
118.01,21.594099999999997,5.897076742316247
118.01,21.9164,5.897076742316247
120.0,21.9164,5.996400647944459
120.0,21.594099999999997,5.996400647944459
121.0,21.9164,6.04630992331157
121.0,21.594099999999997,6.04630992331157
122.0,21.9164,6.096217687101231
122.0,21.9164,6.096217687101231
123.0,21.594099999999997,6.146123926836503
123.0,21.9164,6.146123926836503
124.0,21.9164,6.196028630040824
124.0,21.9164,6.196028630040824
125.0,21.9164,6.24593178423802
125.0,21.594099999999997,6.24593178423802
127.0,21.9164,6.345733395708273
127.0,21.9164,6.345733395708273
128.0,21.9164,6.395631828030929
128.0,21.9164,6.395631828030929
129.01,21.9164,6.446027621663116
129.01,21.9164,6.446027621663116
130.1,21.9164,6.500413316575257
130.1,21.9164,6.500413316575257
131.04,21.9164,6.54731319162936
131.04,21.9164,6.54731319162936
133.06,21.9164,6.648093122625682
133.06,21.9164,6.648093122625682
134.01,21.9164,6.695487286403407
134.01,21.9164,6.695487286403407
136.0,21.9164,6.79476067814459
136.0,21.9164,6.79476067814459
137.0,21.9164,6.844644271258672
137.0,21.9164,6.844644271258672
138.0,21.9164,6.894526153211723
138.0,21.9164,6.894526153211723
139.0,21.9164,6.94440631153327
139.0,21.9164,6.94440631153327
140.01,21.9164,6.9947835091659725
140.01,21.9164,6.9947835091659725
142.0,21.9164,7.09403632001068
142.0,22.238699999999998,7.09403632001068
143.01,22.238699999999998,7.144408181502768
143.01,21.9164,7.144408181502768
144.0,22.238699999999998,7.1937808122323545
144.0,22.238699999999998,7.1937808122323545
145.02,22.238699999999998,7.244647739573136
145.02,22.238699999999998,7.244647739573136
146.04,22.238699999999998,7.295512782581079
146.04,22.238699999999998,7.295512782581079
148.0,22.238699999999998,7.393248115597774
148.0,22.238699999999998,7.393248115597774
149.0,22.238699999999998,7.443110351824779
149.0,22.238699999999998,7.443110351824779
151.0,22.238699999999998,7.542829229481046
151.0,22.238699999999998,7.542829229481046
152.02,22.238699999999998,7.5936829589907635
152.02,22.238699999999998,7.5936829589907635
154.0,22.238699999999998,7.6923933720017335
154.0,22.238699999999998,7.6923933720017335
155.01,22.238699999999998,7.7427427556885835
155.01,22.238699999999998,7.7427427556885835
156.01,22.238699999999998,7.792591685303734
156.01,22.238699999999998,7.792591685303734
157.0,22.561,7.8419402066405794
157.0,22.561,7.8419402066405794
158.0,22.561,7.891785247166003
158.0,22.561,7.891785247166003
160.0,22.561,7.991469396917269
160.0,22.238699999999998,7.991469396917269
161.0,22.561,8.041308481222076
161.0,22.561,8.041308481222076
162.0,22.561,8.091145555199805
162.0,22.561,8.091145555199805
163.0,22.561,8.140980606391187
163.0,22.561,8.140980606391187
164.0,22.561,8.190813622337458
164.0,22.561,8.190813622337458
166.0,22.561,8.290473498662173
166.0,22.561,8.290473498662173
167.04,22.561,8.342293364257534
167.04,22.561,8.342293364257534
169.0,22.561,8.439947737371286
169.0,22.561,8.439947737371286
170.05,22.561,8.492259251774547
170.05,22.561,8.492259251774547
171.0,22.8833,8.539586700669894
171.0,22.561,8.539586700669894
172.08,22.561,8.593388196443522
172.08,22.8833,8.593388196443522
173.1,22.561,8.644198419616849
173.1,22.561,8.644198419616849
176.0,22.561,8.78864653028853
176.0,22.8833,8.78864653028853
177.04,22.8833,8.840444125629606
177.04,22.8833,8.840444125629606
178.0,22.8833,8.88825516917203
178.0,22.8833,8.88825516917203
179.0,22.8833,8.938056161743564
179.0,22.8833,8.938056161743564
180.0,22.8833,8.987854919801103
180.0,22.8833,8.987854919801103
181.0,22.8833,9.037651430894961
181.0,22.8833,9.037651430894961
183.02,22.8833,9.138233478733595
183.02,22.8833,9.138233478733595
184.0,22.8833,9.187027357905984
184.0,22.8833,9.187027357905984
186.0,22.8833,9.28659984620937
186.0,22.8833,9.28659984620937
187.0,22.8833,9.33638261410933
187.0,22.8833,9.33638261410933
188.01,22.8833,9.386660840422433
188.01,22.8833,9.386660840422433
189.0,22.8833,9.435941135177323
189.0,22.8833,9.435941135177323
190.0,22.8833,9.48571686345573
190.0,23.205599999999997,9.48571686345573
192.0,23.205599999999997,9.585261193281704
192.0,23.205599999999997,9.585261193281704
193.01,23.205599999999997,9.635527443566314
193.01,23.205599999999997,9.635527443566314
194.0,23.205599999999997,9.684795937847284
194.0,23.205599999999997,9.684795937847284
195.0,23.205599999999997,9.734559684552444
195.0,23.205599999999997,9.734559684552444
196.01,23.205599999999997,9.78481859841641
196.01,23.205599999999997,9.78481859841641
198.0,23.205599999999997,9.883836273067999
198.0,23.205599999999997,9.883836273067999
199.0,23.205599999999997,9.933590210574158
199.0,23.205599999999997,9.933590210574158
200.0,23.205599999999997,9.983341664682815
200.0,23.205599999999997,9.983341664682815
201.01,23.205599999999997,10.03358809989279
201.01,23.205599999999997,10.03358809989279
202.0,23.205599999999997,10.082837072956801
202.0,23.205599999999997,10.082837072956801
204.01,23.205599999999997,10.182819799521555
204.01,23.205599999999997,10.182819799521555
205.05,23.205599999999997,10.234548124444029
205.05,23.5279,10.234548124444029
207.03,23.5279,10.333023235431497
207.03,23.5279,10.333023235431497
208.0,23.5279,10.381262402830272
208.0,23.5279,10.381262402830272
210.05,23.5279,10.48320311101964
210.05,23.5279,10.48320311101964
211.01,23.5279,10.530937418750026
211.01,23.5279,10.530937418750026
212.0,23.5279,10.580160882230219
212.0,23.5279,10.580160882230219
213.01,23.5279,10.63037608753979
213.01,23.5279,10.63037608753979
214.01,23.5279,10.680091441758474
214.01,23.5279,10.680091441758474
216.0,23.5279,10.779017041000746
216.0,23.5279,10.779017041000746
217.01,23.5279,10.829221434565685
217.01,23.5279,10.829221434565685
218.01,23.5279,10.878926034126808
218.01,23.5279,10.878926034126808
219.01,23.5279,10.928627913956483
219.01,23.850199999999997,10.928627913956483
220.0,23.5279,10.977830083717482
220.0,23.5279,10.977830083717482
222.0,23.850199999999997,11.077220188032634
222.0,23.850199999999997,11.077220188032634
223.01,23.850199999999997,11.127407987461527
223.01,23.850199999999997,11.127407987461527
225.02,23.850199999999997,11.227278221647907
225.02,23.850199999999997,11.227278221647907
226.05,23.850199999999997,11.278451117828995
226.05,23.850199999999997,11.278451117828995
227.02,23.850199999999997,11.32664033381809
227.02,23.850199999999997,11.32664033381809
228.01,23.850199999999997,11.375820394532546
228.01,23.850199999999997,11.375820394532546
229.01,23.850199999999997,11.425494393760594
229.01,23.850199999999997,11.425494393760594
231.05,23.850199999999997,11.526820481794326
231.05,23.850199999999997,11.526820481794326
232.01,23.850199999999997,11.574499203533078
232.01,24.1725,11.574499203533078
234.01,24.1725,11.673821295952816
234.01,24.1725,11.673821295952816
235.0,23.850199999999997,11.722981418427011
235.0,24.1725,11.722981418427011
237.0,24.1725,11.822286021738542
237.0,24.1725,11.822286021738542
238.0,24.1725,11.871933896243494
238.0,24.1725,11.871933896243494
239.0,24.1725,11.921578802765035
239.0,24.1725,11.921578802765035
240.05,24.1725,11.973702746740306
240.05,24.1725,11.973702746740306
241.02,24.1725,12.02185241026831
241.02,24.1725,12.02185241026831
243.04,24.1725,12.122113754280987
243.04,24.1725,12.122113754280987
244.0,24.1725,12.169758381254773
244.0,24.1725,12.169758381254773
245.0,24.1725,12.219385219266274
245.0,24.1725,12.219385219266274
246.02,24.1725,12.270001446850202
246.02,24.494799999999998,12.270001446850202
247.01,24.1725,12.31912590997214
247.01,24.1725,12.31912590997214
249.01,24.494799999999998,12.418358028579306
249.01,24.494799999999998,12.418358028579306
250.01,24.494799999999998,12.467969437200539
250.01,24.1725,12.467969437200539
252.05,24.494799999999998,12.569167032286622
252.05,24.494799999999998,12.569167032286622
253.01,24.494799999999998,12.616784911502963
253.01,24.494799999999998,12.616784911502963
255.0,24.494799999999998,12.715483536111483
255.0,24.494799999999998,12.715483536111483
256.06,24.494799999999998,12.768051540406255
256.06,24.494799999999998,12.768051540406255
258.0,24.494799999999998,12.864251607417449
258.0,24.494799999999998,12.864251607417449
259.0,24.494799999999998,12.91383454892275
259.0,24.494799999999998,12.91383454892275
260.02,24.494799999999998,12.964405823215012
260.02,24.494799999999998,12.964405823215012
261.0,24.494799999999998,13.012990734162722
261.0,24.494799999999998,13.012990734162722
262.07,24.817099999999996,13.06603395628016
262.07,24.817099999999996,13.06603395628016
264.02,24.817099999999996,13.162691881668712
264.02,24.817099999999996,13.162691881668712
265.01,24.817099999999996,13.211759583720442
265.01,24.817099999999996,13.211759583720442
266.05,24.817099999999996,13.263301965741192
266.05,24.817099999999996,13.263301965741192
267.01,24.817099999999996,13.310876366269724
267.01,24.817099999999996,13.310876366269724
268.09,24.817099999999996,13.36439390050316
268.09,24.817099999999996,13.36439390050316
270.0,24.817099999999996,13.45903110073483
270.0,24.817099999999996,13.45903110073483
271.05,24.817099999999996,13.511051563410614
271.05,24.817099999999996,13.511051563410614
272.0,24.817099999999996,13.558114487825277
272.0,24.817099999999996,13.558114487825277
273.04,25.1394,13.609632497210608
273.04,24.817099999999996,13.609632497210608
274.04,25.1394,13.659165574408712
274.04,24.817099999999996,13.659165574408712
276.0,25.1394,13.75624048859627
276.0,25.1394,13.75624048859627
277.06,25.1394,13.808734688471343
277.06,25.1394,13.808734688471343
278.07,25.1394,13.85874913831845
278.07,25.1394,13.85874913831845
280.0,25.1394,13.954311464423649
280.0,25.1394,13.954311464423649
281.0,25.1394,14.003820517882435
281.0,25.1394,14.003820517882435
283.0,25.1394,14.102828109558448
283.0,25.1394,14.102828109558448
284.0,25.1394,14.152326623023779
284.0,25.1394,14.152326623023779
286.0,25.1394,14.251313023335948
286.0,25.1394,14.251313023335948
287.0,25.1394,14.30080088543619
287.0,25.461699999999997,14.30080088543619
288.0,25.461699999999997,14.350285172336283
288.0,25.1394,14.350285172336283
289.05,25.461699999999997,14.402239812235965
289.05,25.461699999999997,14.402239812235965
290.03,25.461699999999997,14.450727228285853
290.03,25.461699999999997,14.450727228285853
292.0,25.461699999999997,14.54818632052723
292.0,25.461699999999997,14.54818632052723
293.05,25.461699999999997,14.600125761451771
293.05,25.461699999999997,14.600125761451771
295.01,25.461699999999997,14.697068606583999
295.01,25.461699999999997,14.697068606583999
296.0,25.461699999999997,14.746029275992298
296.0,25.461699999999997,14.746029275992298
298.01,25.461699999999997,14.8454231439651
298.01,25.461699999999997,14.8454231439651
299.0,25.784,14.894372827546443
299.0,25.784,14.894372827546443
300.0,25.784,14.943813247359921
300.0,25.784,14.943813247359921
301.01,25.784,14.99374427915039
301.01,25.784,14.99374427915039
302.0,25.784,15.04268286676801
302.0,25.784,15.04268286676801
304.01,25.784,15.142031678417375
304.01,25.784,15.142031678417375
305.06,25.784,15.193924236302351
305.06,25.784,15.193924236302351
307.01,25.784,15.290285008119472
307.01,25.784,15.290285008119472
308.0,25.784,15.339201073499453
308.0,25.784,15.339201073499453
309.0,25.784,15.388607424882785
309.0,25.784,15.388607424882785
310.0,25.784,15.43800992911434
310.0,25.784,15.43800992911434
311.01,26.106299999999997,15.487902540758514
311.01,25.784,15.487902540758514
313.05,26.106299999999997,15.588663677648979
313.05,26.106299999999997,15.588663677648979
314.06,26.106299999999997,15.6385443228726
314.06,26.106299999999997,15.6385443228726
316.0,26.106299999999997,15.73434347274905
316.0,26.106299999999997,15.73434347274905
317.0,26.106299999999997,15.783718701154898
317.0,26.106299999999997,15.783718701154898
318.0,26.106299999999997,15.833089983631154
318.0,26.106299999999997,15.833089983631154
319.04,26.106299999999997,15.88443191829652
319.04,26.106299999999997,15.88443191829652
320.08,26.106299999999997,15.935769557811588
320.08,26.106299999999997,15.935769557811588
322.0,26.4286,16.030535407398705
322.0,26.106299999999997,16.030535407398705
323.0,26.4286,16.07988677510453
323.0,26.106299999999997,16.07988677510453
324.0,26.4286,16.129234122838742
324.0,26.106299999999997,16.129234122838742
325.01,26.4286,16.179070851013872
325.01,26.4286,16.179070851013872
326.07,26.4286,16.23137030621003
326.07,26.4286,16.23137030621003
328.05,26.4286,16.32904951752169
328.05,26.4286,16.32904951752169
329.04,26.4286,16.377883127622823
329.04,26.4286,16.377883127622823
331.01,26.4286,16.475045129453285
331.01,26.4286,16.475045129453285
332.03,26.4286,16.525346084082322
332.03,26.4286,16.525346084082322
334.0,26.4286,16.622483788139697
334.0,26.4286,16.622483788139697
335.02,26.750899999999998,16.672772105987068
335.02,26.4286,16.672772105987068
336.0,26.750899999999998,16.721084248270433
336.0,26.4286,16.721084248270433
337.05,26.750899999999998,16.77284280242949
337.05,26.750899999999998,16.77284280242949
338.0,26.750899999999998,16.81966798731831
338.0,26.750899999999998,16.81966798731831
340.0,26.750899999999998,16.918234906699603
340.0,26.750899999999998,16.918234906699603
341.0,26.750899999999998,16.967512028212457
341.0,26.750899999999998,16.967512028212457
343.0,26.750899999999998,17.066053533286198
343.0,26.750899999999998,17.066053533286198
344.03,26.750899999999998,17.116795756933076
344.03,26.750899999999998,17.116795756933076
345.01,26.750899999999998,17.165070551459028
345.01,26.750899999999998,17.165070551459028
346.0,26.750899999999998,17.213833761259544
346.0,26.750899999999998,17.213833761259544
347.0,26.750899999999998,17.26308524675291
347.0,26.750899999999998,17.26308524675291
349.01,27.073199999999996,17.362067664632104
349.01,27.073199999999996,17.362067664632104
350.02,27.073199999999996,17.411798485027944
350.02,27.073199999999996,17.411798485027944
352.0,27.073199999999996,17.509277691431823
352.0,27.073199999999996,17.509277691431823
353.02,27.073199999999996,17.559487561033706
353.02,27.073199999999996,17.559487561033706
355.0,27.073199999999996,17.656940728882045
355.0,27.073199999999996,17.656940728882045
356.03,27.073199999999996,17.70762922698519
356.03,27.073199999999996,17.70762922698519
357.0,27.073199999999996,17.755360703182166
357.0,27.073199999999996,17.755360703182166
358.0,27.073199999999996,17.804564038223074
358.0,27.073199999999996,17.804564038223074
359.01,27.073199999999996,17.854254888442185
359.01,27.073199999999996,17.854254888442185
361.0,27.073199999999996,17.952147287302527
361.0,27.3955,17.952147287302527
362.0,27.3955,18.00133274398591
362.0,27.3955,18.00133274398591
363.0,27.3955,18.0505137003362
363.0,27.3955,18.0505137003362
364.0,27.3955,18.099690144058158
364.0,27.3955,18.099690144058158
365.09,27.3955,18.153287313182105
365.09,27.3955,18.153287313182105
367.0,27.3955,18.2471922765186
367.0,27.3955,18.2471922765186
368.05,27.3955,18.298808340343754
368.05,27.3955,18.298808340343754
369.01,27.3955,18.345995756809963
369.01,27.3955,18.345995756809963
370.1,27.3955,18.39956801106191
370.1,27.3955,18.39956801106191
371.01,27.3955,18.444289285802927
371.01,27.3955,18.444289285802927
373.0,27.717799999999997,18.542073041127356
373.0,27.3955,18.542073041127356
374.0,27.717799999999997,18.591203682577586
374.0,27.3955,18.591203682577586
375.0,27.717799999999997,18.640329676226987
375.0,27.717799999999997,18.640329676226987
376.0,27.717799999999997,18.68945100979407
376.0,27.717799999999997,18.68945100979407
377.01,27.717799999999997,18.739058813973564
377.01,27.717799999999997,18.739058813973564
378.01,27.717799999999997,18.788170743627745
378.01,27.717799999999997,18.788170743627745
381.04,27.717799999999997,18.93695116220266
381.04,27.717799999999997,18.93695116220266
382.06,27.717799999999997,18.987025897963562
382.06,28.0401,18.987025897963562
384.02,28.0401,19.083234065572675
384.02,27.717799999999997,19.083234065572675
385.04,28.0401,19.13329433653807
385.04,27.717799999999997,19.13329433653807
386.0,27.717799999999997,19.180405339844533
386.0,28.0401,19.180405339844533
387.05,28.0401,19.23192793929203
387.05,28.0401,19.23192793929203
388.05,28.0401,19.280992153651113
388.05,28.0401,19.280992153651113
390.0,28.0401,19.376653496242195
390.0,28.0401,19.376653496242195
391.12,28.0401,19.431589124606322
391.12,28.0401,19.431589124606322
393.01,28.362399999999997,19.524279170473648
393.01,28.0401,19.524279170473648
394.03,28.362399999999997,19.574295131111672
394.03,28.0401,19.574295131111672
396.04,28.362399999999997,19.672841080738383
396.04,28.0401,19.672841080738383
397.01,28.362399999999997,19.720390979156225
397.01,28.362399999999997,19.720390979156225
398.0,28.362399999999997,19.768916504590727
398.0,28.362399999999997,19.768916504590727
399.0,28.362399999999997,19.81792726928928
399.0,28.362399999999997,19.81792726928928
400.01,28.362399999999997,19.867423112546703
400.01,28.362399999999997,19.867423112546703
402.02,28.362399999999997,19.965909653910337
402.02,28.362399999999997,19.965909653910337
403.0,28.362399999999997,20.013920660758046
403.0,28.362399999999997,20.013920660758046
405.01,28.362399999999997,20.112377167777062
405.01,28.362399999999997,20.112377167777062
406.07,28.362399999999997,20.164291329909258
406.07,28.6847,20.164291329909258
407.01,28.362399999999997,20.210323678935076
407.01,28.362399999999997,20.210323678935076
408.08,28.6847,20.26271677002676
408.08,28.6847,20.26271677002676
409.09,28.6847,20.3121666100447
409.09,28.362399999999997,20.3121666100447
411.03,28.6847,20.40713492939677
411.03,28.6847,20.40713492939677
412.01,28.6847,20.455101322463165
412.01,28.6847,20.455101322463165
413.01,28.6847,20.50404155879228
413.01,28.6847,20.50404155879228
414.05,28.6847,20.55493396672982
414.05,28.6847,20.55493396672982
415.06,28.6847,20.604353004691298
415.06,28.6847,20.604353004691298
417.0,28.6847,20.69926195068123
417.0,28.6847,20.69926195068123
418.06,29.006999999999998,20.75111119376353
418.06,29.006999999999998,20.75111119376353
419.01,29.006999999999998,20.797574902413864
419.01,29.006999999999998,20.797574902413864
420.0,29.006999999999998,20.845989984609954
420.0,29.006999999999998,20.845989984609954
421.03,29.006999999999998,20.89635581005296
421.03,29.006999999999998,20.89635581005296
423.02,29.006999999999998,20.993648831145066
423.02,29.006999999999998,20.993648831145066
424.03,29.006999999999998,21.0430207608761
424.03,29.006999999999998,21.0430207608761
426.02,29.006999999999998,21.14028241210676
426.02,29.006999999999998,21.14028241210676
427.01,29.006999999999998,21.188661071714144
427.01,29.006999999999998,21.188661071714144
428.03,29.006999999999998,21.2385003210604
428.03,29.006999999999998,21.2385003210604
429.01,29.329299999999996,21.286379886767275
429.01,29.329299999999996,21.286379886767275
430.01,29.006999999999998,21.335231318008645
430.01,29.329299999999996,21.335231318008645
432.0,29.329299999999996,21.43242978584545
432.0,29.329299999999996,21.43242978584545
433.01,29.329299999999996,21.481753560041682
433.01,29.329299999999996,21.481753560041682
435.0,29.329299999999996,21.57892000317247
435.0,29.329299999999996,21.57892000317247
436.01,29.329299999999996,21.628227468138274
436.01,29.329299999999996,21.628227468138274
438.0,29.329299999999996,21.725361667938582
438.0,29.329299999999996,21.725361667938582
439.01,29.329299999999996,21.774652712732188
439.01,29.329299999999996,21.774652712732188
440.0,29.329299999999996,21.822962308086932
440.0,29.329299999999996,21.822962308086932
441.04,29.329299999999996,21.873706022700702
441.04,29.6516,21.873706022700702
442.01,29.6516,21.92102896436668
442.01,29.6516,21.92102896436668
445.0,29.6516,22.066868219558007
445.0,29.6516,22.066868219558007
446.0,29.6516,22.115632900475727
446.0,29.6516,22.115632900475727
447.0,29.6516,22.164392052485333
447.0,29.6516,22.164392052485333
448.0,29.6516,22.21314566339704
448.0,29.6516,22.21314566339704
449.01,29.6516,22.262381173513372
449.01,29.6516,22.262381173513372
451.03,29.6516,22.36083514880028
451.03,29.6516,22.36083514880028
452.0,29.6516,22.408104452317694
452.0,29.6516,22.408104452317694
453.02,29.973899999999997,22.45780463216984
453.02,29.973899999999997,22.45780463216984
454.02,29.6516,22.506524628178017
454.02,29.973899999999997,22.506524628178017
455.0,29.973899999999997,22.554264765387373
455.0,29.973899999999997,22.554264765387373
456.01,29.973899999999997,22.603460668769088
456.01,29.973899999999997,22.603460668769088
458.0,29.973899999999997,22.70037433137085
458.0,29.973899999999997,22.70037433137085
459.0,29.973899999999997,22.74906618607806
459.0,29.973899999999997,22.74906618607806
461.01,29.973899999999997,22.84691959737834
461.01,29.973899999999997,22.84691959737834
462.0,29.973899999999997,22.89510757791638
462.0,29.973899999999997,22.89510757791638
464.05,29.973899999999997,22.99487292125518
464.05,30.2962,22.99487292125518
465.0,30.2962,23.04109745577231
465.0,30.2962,23.04109745577231
467.01,30.2962,23.138881690881316
467.01,30.2962,23.138881690881316
468.06,30.2962,23.189953720828143
468.06,30.2962,23.189953720828143
469.0,30.2962,23.23566992566386
469.0,30.2962,23.23566992566386
470.0,30.2962,23.28429855124168
470.0,30.2962,23.28429855124168
471.01,30.2962,23.333407554352455
471.01,30.2962,23.333407554352455
473.0,30.2962,23.430149452906694
473.0,30.2962,23.430149452906694
474.03,30.2962,23.480212788682625
474.03,30.2962,23.480212788682625
475.0,30.2962,23.5273541199209
475.0,30.2962,23.5273541199209
476.02,30.618499999999997,23.576919447003615
476.02,30.2962,23.576919447003615
477.0,30.618499999999997,23.624535259582952
477.0,30.618499999999997,23.624535259582952
479.03,30.618499999999997,23.723149957100077
479.03,30.618499999999997,23.723149957100077
480.01,30.618499999999997,23.770748311403757
480.01,30.618499999999997,23.770748311403757
482.0,30.618499999999997,23.867384538879367
482.0,30.618499999999997,23.867384538879367
483.06,30.618499999999997,23.91884947298531
483.06,30.618499999999997,23.91884947298531
484.0,30.618499999999997,23.96448256766272
484.0,30.618499999999997,23.96448256766272
485.05,30.618499999999997,24.015449445646244
485.05,30.618499999999997,24.015449445646244
486.06,30.618499999999997,24.064468482628445
486.06,30.940799999999996,24.064468482628445
488.04,30.940799999999996,24.160547388674196
488.04,30.940799999999996,24.160547388674196
489.0,30.940799999999996,24.207122582675694
489.0,30.940799999999996,24.207122582675694
491.0,30.940799999999996,24.30413631113072
491.0,30.940799999999996,24.30413631113072
492.0,30.940799999999996,24.352634067370285
492.0,30.940799999999996,24.352634067370285
494.02,30.940799999999996,24.450580952301205
494.02,30.940799999999996,24.450580952301205
495.06,30.940799999999996,24.500999331333265
495.06,30.940799999999996,24.500999331333265
496.0,30.940799999999996,24.546564089523105
496.0,30.940799999999996,24.546564089523105
497.01,30.940799999999996,24.595515924668117
497.01,30.940799999999996,24.595515924668117
498.06,30.940799999999996,24.646399796166346
498.06,31.263099999999998,24.646399796166346
500.0,31.263099999999998,24.740395925452294
500.0,31.263099999999998,24.740395925452294
501.03,31.263099999999998,24.790291632078965
501.03,31.263099999999998,24.790291632078965
502.0,31.263099999999998,24.837274781277884
502.0,31.263099999999998,24.837274781277884
503.05,31.263099999999998,24.88812624405505
503.05,31.263099999999998,24.88812624405505
504.0,31.263099999999998,24.934128799830766
504.0,31.263099999999998,24.934128799830766
506.0,31.263099999999998,25.030957884256928
506.0,31.263099999999998,25.030957884256928
507.0,31.263099999999998,25.079363045912423
507.0,31.263099999999998,25.079363045912423
508.0,31.263099999999998,25.12776193772729
508.0,31.263099999999998,25.12776193772729
509.01,31.585399999999996,25.17663844193581
509.01,31.585399999999996,25.17663844193581
510.01,31.263099999999998,25.225024694770337
510.01,31.585399999999996,25.225024694770337
512.01,31.585399999999996,25.32177826957629
512.01,31.585399999999996,25.32177826957629
513.0,31.585399999999996,25.369661925756887
513.0,31.585399999999996,25.369661925756887
514.0,31.585399999999996,25.418022944488865
514.0,31.585399999999996,25.418022944488865
515.01,31.585399999999996,25.46686112322634
515.01,31.585399999999996,25.46686112322634
516.06,31.585399999999996,25.517626601483624
516.06,31.585399999999996,25.517626601483624
518.04,31.585399999999996,25.61333664151052
518.04,31.585399999999996,25.61333664151052
519.0,31.585399999999996,25.65973247881527
519.0,31.585399999999996,25.65973247881527
521.0,31.9077,25.75637147260209
521.0,31.9077,25.75637147260209
522.0,31.9077,25.804681316895937
522.0,31.9077,25.804681316895937
523.0,31.9077,25.852984710019594
523.0,31.9077,25.852984710019594
524.14,31.9077,25.9080426936257
524.14,31.9077,25.9080426936257
525.01,31.9077,25.95005496625889
525.01,31.9077,25.95005496625889
527.0,31.9077,26.046133529319548
527.0,31.9077,26.046133529319548
528.01,31.9077,26.094887162124465
528.01,31.9077,26.094887162124465
529.0,31.9077,26.142668918053204
529.0,31.9077,26.142668918053204
530.0,31.9077,26.19092681495244
530.0,31.9077,26.19092681495244
531.04,31.9077,26.241108081723386
531.04,31.9077,26.241108081723386
533.05,31.9077,26.3380729091594
533.05,32.23,26.3380729091594
534.0,32.23,26.383892804613566
534.0,32.23,26.383892804613566
535.04,32.23,26.43404670638142
535.04,32.23,26.43404670638142
536.09,32.23,26.48467560597138
536.09,32.23,26.48467560597138
537.05,32.23,26.530958497841734
537.05,32.23,26.530958497841734
539.0,32.23,26.624951791929785
539.0,32.23,26.624951791929785
540.01,32.23,26.67362555399788
540.01,32.23,26.67362555399788
541.01,32.23,26.721810695921732
541.01,32.23,26.721810695921732
543.0,32.23,26.81767924184489
543.0,32.552299999999995,26.81767924184489
544.0,32.23,26.86584437338398
544.0,32.23,26.86584437338398
546.01,32.552299999999995,26.9626359578858
546.01,32.552299999999995,26.9626359578858
547.0,32.552299999999995,27.01029942107878
547.0,32.552299999999995,27.01029942107878
549.0,32.552299999999995,27.106569043398288
549.0,32.552299999999995,27.106569043398288
550.05,32.552299999999995,27.15709975011926
550.05,32.552299999999995,27.15709975011926
552.0,32.552299999999995,27.25092262198798
552.0,32.552299999999995,27.25092262198798
553.0,32.552299999999995,27.299026872094434
553.0,32.552299999999995,27.299026872094434
554.01,32.552299999999995,27.347605237192102
554.01,32.552299999999995,27.347605237192102
555.0,32.552299999999995,27.395214886013264
555.0,32.8746,27.395214886013264
556.08,32.8746,27.447145028731484
556.08,32.8746,27.447145028731484
558.0,32.8746,27.539445510816613
558.0,32.8746,27.539445510816613
559.0,32.8746,27.587508632052497
559.0,32.8746,27.587508632052497
560.01,32.8746,27.636045383785085
560.01,32.8746,27.636045383785085
561.03,32.8746,27.685055544475258
561.03,32.8746,27.685055544475258
562.01,32.8746,27.73213695539803
562.01,32.8746,27.73213695539803
564.0,32.8746,27.827720544821545
564.0,32.8746,27.827720544821545
565.0,33.1969,27.875742104619093
565.0,32.8746,27.875742104619093
567.02,33.1969,27.97272438631487
567.02,32.8746,27.97272438631487
568.0,33.1969,28.01976492238663
568.0,33.1969,28.01976492238663
570.0,33.1969,28.115745129529408
570.0,33.1969,28.115745129529408
571.0,33.1969,28.163724695694913
571.0,33.1969,28.163724695694913
572.0,33.1969,28.211697220929395
572.0,33.1969,28.211697220929395
573.0,33.1969,28.25966269323971
573.0,33.1969,28.25966269323971
574.0,33.1969,28.30762110063451
574.0,33.1969,28.30762110063451
575.07,33.1969,28.358928758918573
575.07,33.1969,28.358928758918573
577.0,33.1969,28.451453813438565
577.0,33.5192,28.451453813438565
578.01,33.5192,28.49986310561099
578.01,33.5192,28.49986310561099
580.02,33.5192,28.59618075292929
580.02,33.5192,28.59618075292929
581.02,33.5192,28.64408922720756
581.02,33.5192,28.64408922720756
583.0,33.5192,28.738926868289948
583.0,33.5192,28.738926868289948
584.0,33.5192,28.78681396739431
584.0,33.5192,28.78681396739431
585.0,33.5192,28.834693869795323
585.0,33.5192,28.834693869795323
586.01,33.5192,28.883045254016004
586.01,33.5192,28.883045254016004
587.0,33.841499999999996,28.930432036609233
587.0,33.841499999999996,28.930432036609233
589.01,33.841499999999996,29.026619746327004
589.01,33.5192,29.026619746327004
590.0,33.841499999999996,29.073985012364272
590.0,33.841499999999996,29.073985012364272
591.01,33.841499999999996,29.122299811201312
591.01,33.841499999999996,29.122299811201312
592.0,33.841499999999996,29.16965067365838
592.0,33.841499999999996,29.16965067365838
593.01,33.841499999999996,29.217950753778243
593.01,33.841499999999996,29.217950753778243
595.0,33.841499999999996,29.31309444262154
595.0,33.841499999999996,29.31309444262154
596.0,33.841499999999996,29.360894391665376
596.0,33.841499999999996,29.360894391665376
597.01,33.841499999999996,29.409164889465423
597.01,33.841499999999996,29.409164889465423
598.0,33.841499999999996,29.45647225713457
598.0,33.841499999999996,29.45647225713457
599.01,34.163799999999995,29.504727891361554
599.01,34.163799999999995,29.504727891361554
601.0,33.841499999999996,29.599783794597446
601.0,34.163799999999995,29.599783794597446
602.04,34.163799999999995,29.64944959816811
602.04,34.163799999999995,29.64944959816811
604.02,34.163799999999995,29.74398347461054
604.02,34.163799999999995,29.74398347461054
605.04,34.163799999999995,29.79267137306304
605.04,34.163799999999995,29.79267137306304
607.01,34.163799999999995,29.886683896504966
607.01,34.163799999999995,29.886683896504966
608.0,34.163799999999995,29.93391782690932
608.0,34.163799999999995,29.93391782690932
609.0,34.4861,29.981621421620336
609.0,34.163799999999995,29.981621421620336
610.01,34.163799999999995,30.02979444402707
610.01,34.4861,30.02979444402707
611.01,34.4861,30.07748296087016
611.01,34.163799999999995,30.07748296087016
613.0,34.4861,30.17236072718155
613.0,34.4861,30.17236072718155
614.0,34.4861,30.220026725645106
614.0,34.4861,30.220026725645106
616.0,34.4861,30.31533604563804
616.0,34.4861,30.31533604563804
617.0,34.4861,30.362979343340086
617.0,34.4861,30.362979343340086
618.0,34.4861,30.41061505029745
618.0,34.4861,30.41061505029745
619.0,34.4861,30.458243154601217
619.0,34.4861,30.458243154601217
620.0,34.4861,30.50586364434435
620.0,34.4861,30.50586364434435
621.02,34.4861,30.554428687015573
621.02,34.4861,30.554428687015573
623.0,34.8084,30.648679307168287
623.0,34.8084,30.648679307168287
624.0,34.8084,30.696269219636758
624.0,34.4861,30.696269219636758
625.04,34.8084,30.745754587785278
625.04,34.8084,30.745754587785278
626.01,34.8084,30.791901717146736
626.01,34.8084,30.791901717146736
627.06,34.8084,30.841846631282415
627.06,34.8084,30.841846631282415
629.0,34.8084,30.9341034330896
629.0,34.8084,30.9341034330896
630.01,34.8084,30.982122520562466
630.01,34.8084,30.982122520562466
632.04,34.8084,31.078612219941537
632.04,35.1307,31.078612219941537
633.06,35.1307,31.127082649516495
633.06,34.8084,31.127082649516495
634.0,34.8084,31.17174430849668
634.0,35.1307,31.17174430849668
635.0,35.1307,31.219249152288818
635.0,35.1307,31.219249152288818
636.01,35.1307,31.267221122204152
636.01,35.1307,31.267221122204152
638.02,35.1307,31.362666355239277
638.02,35.1307,31.362666355239277
639.03,35.1307,31.410614445943768
639.03,35.1307,31.410614445943768
641.03,35.1307,31.505537511936367
641.03,35.1307,31.505537511936367
642.0,35.1307,31.55156385927271
642.0,35.1307,31.55156385927271
643.0,35.452999999999996,31.59900593219822
643.0,35.1307,31.59900593219822
644.05,35.1307,31.648811606449932
644.05,35.452999999999996,31.648811606449932
646.0,35.452999999999996,31.74128470503465
646.0,35.1307,31.74128470503465
647.05,35.452999999999996,31.7910654194356
647.05,35.452999999999996,31.7910654194356
648.02,35.452999999999996,31.837045531384334
648.02,35.452999999999996,31.837045531384334
649.06,35.452999999999996,31.88633547643292
649.06,35.452999999999996,31.88633547643292
650.01,35.452999999999996,31.93135241066416
650.01,35.452999999999996,31.93135241066416
652.01,35.452999999999996,32.02610134218104
652.01,35.452999999999996,32.02610134218104
653.03,35.452999999999996,32.074410971563
653.03,35.452999999999996,32.074410971563
655.0,35.452999999999996,32.167691236576225
655.0,35.775299999999994,32.167691236576225
656.06,35.775299999999994,32.21786973945005
656.06,35.452999999999996,32.21786973945005
658.02,35.775299999999994,32.31062878304928
658.02,35.775299999999994,32.31062878304928
659.0,35.775299999999994,32.356996673743566
659.0,35.775299999999994,32.356996673743566
661.01,35.775299999999994,32.4520738438508
661.01,35.775299999999994,32.4520738438508
662.03,35.775299999999994,32.50030942900735
662.03,35.775299999999994,32.50030942900735
663.0,35.775299999999994,32.54617268296736
663.0,35.775299999999994,32.54617268296736
664.04,35.775299999999994,32.5953371516823
664.04,35.775299999999994,32.5953371516823
665.1,35.775299999999994,32.64543802120943
665.1,35.775299999999994,32.64543802120943
667.0,35.775299999999994,32.73521850754381
667.0,36.0976,32.73521850754381
668.0,36.0976,32.782459533710096
668.0,36.0976,32.782459533710096
669.0,36.0976,32.82969236426167
669.0,36.0976,32.82969236426167
671.01,36.0976,32.92460551378183
671.01,36.0976,32.92460551378183
672.04,36.0976,32.97322971969851
672.04,36.0976,32.97322971969851
674.04,36.0976,33.06762066473598
674.04,36.0976,33.06762066473598
675.0,36.0976,33.11291657854629
675.0,36.0976,33.11291657854629
677.0,36.0976,33.2072585499913
677.0,36.0976,33.2072585499913
678.0,36.0976,33.25441708888797
678.0,36.0976,33.25441708888797
680.0,36.4199,33.34870921408144
680.0,36.4199,33.34870921408144
681.05,36.4199,33.39819923587913
681.05,36.4199,33.39819923587913
683.01,36.4199,33.49055596985853
683.01,36.4199,33.49055596985853
684.0,36.4199,33.53719332409032
684.0,36.4199,33.53719332409032
685.01,36.4199,33.584764378874034
685.01,36.4199,33.584764378874034
686.01,36.4199,33.631855994982914
686.01,36.4199,33.631855994982914
687.0,36.4199,33.67846841270458
687.0,36.4199,33.67846841270458
689.01,36.7422,33.77308034844549
689.01,36.4199,33.77308034844549
690.05,36.4199,33.82202040284175
690.05,36.7422,33.82202040284175
692.0,36.7422,33.91375834452274
692.0,36.7422,33.91375834452274
693.06,36.7422,33.963612628629996
693.06,36.7422,33.963612628629996
695.0,36.7422,34.05483065645251
695.0,36.7422,34.05483065645251
696.01,36.7422,34.10230777657505
696.01,36.7422,34.10230777657505
698.0,36.7422,34.19582634502767
698.0,36.7422,34.19582634502767
699.01,36.7422,34.24327759723141
699.01,36.7422,34.24327759723141
700.0,36.7422,34.28978074554514
700.0,36.7422,34.28978074554514
701.0,37.064499999999995,34.33674509300798
701.0,36.7422,34.33674509300798
702.06,36.7422,34.38651792884786
702.06,37.064499999999995,34.38651792884786
703.01,37.064499999999995,34.43111745186081
703.01,37.064499999999995,34.43111745186081
705.01,37.064499999999995,34.52498577945501
705.01,37.064499999999995,34.52498577945501
706.01,37.064499999999995,34.57190700224895
706.01,37.064499999999995,34.57190700224895
708.0,37.064499999999995,34.66525451080712
708.0,37.064499999999995,34.66525451080712
709.02,37.064499999999995,34.71308767464258
709.02,37.386799999999994,34.71308767464258
711.0,37.064499999999995,34.80591450118649
711.0,37.386799999999994,34.80591450118649
712.0,37.064499999999995,34.85278377731611
712.0,37.064499999999995,34.85278377731611
714.0,37.386799999999994,34.946496178272916
714.0,37.386799999999994,34.946496178272916
715.03,37.386799999999994,34.994744437610706
715.03,37.386799999999994,34.994744437610706
717.0,37.386799999999994,35.08699922575768
717.0,37.386799999999994,35.08699922575768
718.0,37.386799999999994,35.133816047029285
718.0,37.386799999999994,35.133816047029285
719.0,37.386799999999994,35.18062408484706
719.0,37.386799999999994,35.18062408484706
720.01,37.386799999999994,35.227891275480495
720.01,37.386799999999994,35.227891275480495
721.0,37.386799999999994,35.27421376331528
721.0,37.386799999999994,35.27421376331528
723.04,37.386799999999994,35.369638895218294
723.04,37.7091,35.369638895218294
724.01,37.7091,35.41499970739446
724.01,37.386799999999994,35.41499970739446
725.01,37.7091,35.46175471022877
725.01,37.7091,35.46175471022877
726.01,37.7091,35.50850084762458
726.01,37.7091,35.50850084762458
727.0,37.7091,35.55477077927279
727.0,37.7091,35.55477077927279
729.0,37.7091,35.64821879971291
729.0,37.7091,35.64821879971291
730.03,37.7091,35.69633062931715
730.03,37.7091,35.69633062931715
732.0,37.7091,35.78832396077564
732.0,37.7091,35.78832396077564
733.01,37.7091,35.83547459572862
733.01,37.7091,35.83547459572862
735.0,37.7091,35.92834859812456
735.0,38.0314,35.92834859812456
736.02,38.0314,35.97593857553556
736.02,38.0314,35.97593857553556
737.0,38.0314,36.02165346537023
737.0,38.0314,36.02165346537023
738.0,38.0314,36.068292396704294
738.0,38.0314,36.068292396704294
739.0,38.0314,36.11492231096544
739.0,38.0314,36.11492231096544
740.07,38.0314,36.164806320056215
740.07,38.0314,36.164806320056215
742.0,38.0314,36.25475783474792
742.0,38.0314,36.25475783474792
743.0,38.0314,36.30135156416523
743.0,38.0314,36.30135156416523
745.0,38.0314,36.39451178534057
745.0,38.0314,36.39451178534057
746.01,38.353699999999996,36.44154387250577
746.01,38.0314,36.44154387250577
747.01,38.353699999999996,36.4881011395429
747.01,38.353699999999996,36.4881011395429
748.0,38.353699999999996,36.53418384829706
748.0,38.353699999999996,36.53418384829706
749.01,38.353699999999996,36.581188295904845
749.01,38.353699999999996,36.581188295904845
751.01,38.353699999999996,36.67423887108154
751.01,38.353699999999996,36.67423887108154
752.03,38.353699999999996,36.7216805488578
752.03,38.353699999999996,36.7216805488578
753.0,38.353699999999996,36.76678779389876
753.0,38.353699999999996,36.76678779389876
754.01,38.353699999999996,36.81374594058616
754.01,38.353699999999996,36.81374594058616
755.01,38.353699999999996,36.860229905713595
755.01,38.353699999999996,36.860229905713595
757.0,38.675999999999995,36.952705569654185
757.0,38.675999999999995,36.952705569654185
758.0,38.675999999999995,36.999161947196434
758.0,38.675999999999995,36.999161947196434
759.01,38.353699999999996,37.04607349947517
759.01,38.675999999999995,37.04607349947517
760.0,38.675999999999995,37.09204694129827
760.0,38.353699999999996,37.09204694129827
761.01,38.675999999999995,37.138939773702
761.01,38.675999999999995,37.138939773702
763.0,38.675999999999995,37.23130485585238
763.0,38.675999999999995,37.23130485585238
764.02,38.675999999999995,37.278633479596394
764.02,38.675999999999995,37.278633479596394
766.0,38.675999999999995,37.370478999986275
766.0,38.675999999999995,37.370478999986275
767.01,38.675999999999995,37.417315391483136
767.01,38.675999999999995,37.417315391483136
769.01,38.9983,37.5100325531375
769.01,38.675999999999995,37.5100325531375
770.02,38.9983,37.55684047130499
770.02,38.9983,37.55684047130499
772.0,38.9983,37.64857472461553
772.0,38.9983,37.64857472461553
773.02,38.9983,37.6958173692905
773.02,38.9983,37.6958173692905
775.0,38.9983,37.787495679395626
775.0,38.9983,37.787495679395626
776.0,38.9983,37.83378378600818
776.0,38.9983,37.83378378600818
777.0,39.3206,37.880062434174995
777.0,38.9983,37.880062434174995
778.01,38.9983,37.92679425624518
778.01,38.9983,37.92679425624518
779.01,39.3206,37.97305385793964
779.01,39.3206,37.97305385793964
781.0,38.9983,38.065082211027025
781.0,38.9983,38.065082211027025
782.02,39.3206,38.11223791997102
782.02,39.3206,38.11223791997102
783.0,39.3206,38.157535048079936
783.0,39.3206,38.157535048079936
784.01,39.3206,38.204209236248055
784.01,39.3206,38.204209236248055
785.05,39.3206,38.252259604896295
785.05,39.3206,38.252259604896295
787.05,39.3206,38.34463507703838
787.05,39.3206,38.34463507703838
788.0,39.3206,38.38849999936363
788.0,39.3206,38.38849999936363
789.0,39.3206,38.434664244427
789.0,39.3206,38.434664244427
790.01,39.3206,38.48128037862567
790.01,39.3206,38.48128037862567
791.0,39.3206,38.52696389701749
791.0,39.3206,38.52696389701749
793.0,39.3206,38.6192250226473
793.0,39.3206,38.6192250226473
794.0,39.6429,38.66534110901883
794.0,39.3206,38.66534110901883
795.0,39.6429,38.7114475290553
795.0,39.6429,38.7114475290553
796.01,39.6429,38.75800518973963
796.01,39.6429,38.75800518973963
797.01,39.6429,38.804092145576504
797.01,39.6429,38.804092145576504
799.0,39.6429,38.89577631535461
799.0,39.6429,38.89577631535461
800.0,39.6429,38.941834230865055
800.0,39.6429,38.941834230865055
801.0,39.6429,38.98788241091714
801.0,39.6429,38.98788241091714
802.0,39.6429,39.03392084399883
802.0,39.6429,39.03392084399883
803.01,39.965199999999996,39.080409756027265
803.01,39.6429,39.080409756027265
805.05,39.965199999999996,39.174277745523256
805.05,39.965199999999996,39.174277745523256
806.03,39.965199999999996,39.219356704947906
806.03,39.965199999999996,39.219356704947906
808.03,39.965199999999996,39.311325351255505
808.03,39.965199999999996,39.311325351255505
809.04,39.965199999999996,39.357754584612145
809.04,39.965199999999996,39.357754584612145
810.0,39.965199999999996,39.40187603707804
810.0,39.965199999999996,39.40187603707804
811.0,39.965199999999996,39.44782622978714
811.0,39.965199999999996,39.44782622978714
812.0,39.965199999999996,39.493766560539875
812.0,39.965199999999996,39.493766560539875
814.03,39.965199999999996,39.58699505456795
814.03,40.287499999999994,39.58699505456795
815.0,40.287499999999994,39.631528266221494
815.0,39.965199999999996,39.631528266221494
816.01,40.287499999999994,39.67788799193008
816.01,40.287499999999994,39.67788799193008
817.0,40.287499999999994,39.72331988306686
817.0,39.965199999999996,39.72331988306686
818.0,40.287499999999994,39.76920080098124
818.0,40.287499999999994,39.76920080098124
820.0,40.287499999999994,39.86093279844229
820.0,40.287499999999994,39.86093279844229
821.07,40.287499999999994,39.90999305552472
821.07,40.287499999999994,39.90999305552472
822.02,40.287499999999994,39.95354165473121
822.02,40.287499999999994,39.95354165473121
823.02,40.287499999999994,39.9993725466131
823.02,40.287499999999994,39.9993725466131
824.09,40.287499999999994,40.04840052630465
824.09,40.287499999999994,40.04840052630465
826.0,40.6098,40.135889258520024
826.0,40.287499999999994,40.135889258520024
827.01,40.287499999999994,40.18213814264065
827.01,40.6098,40.18213814264065
828.08,40.6098,40.23112330629856
828.08,40.6098,40.23112330629856
830.02,40.6098,40.31990815286719
830.02,40.6098,40.31990815286719
831.07,40.6098,40.367945989221845
831.07,40.6098,40.367945989221845
833.06,40.6098,40.45895858961616
833.06,40.6098,40.45895858961616
834.03,40.6098,40.50330700029679
834.03,40.6098,40.50330700029679
836.0,40.6098,40.59334608757629
836.0,40.6098,40.59334608757629
837.01,40.6098,40.639492992497836
837.01,40.6098,40.639492992497836
838.0,40.9321,40.68471603912298
838.0,40.6098,40.68471603912298
839.01,40.9321,40.73084240968218
839.01,40.9321,40.73084240968218
840.01,40.9321,40.77650184991747
840.01,40.9321,40.77650184991747
842.0,40.9321,40.86733379674914
842.0,40.9321,40.86733379674914
843.02,40.9321,40.91387519682722
843.02,40.9321,40.91387519682722
844.01,40.9321,40.95903755549578
844.01,40.9321,40.95903755549578
845.0,40.9321,41.004189878176376
845.0,40.9321,41.004189878176376
846.01,40.9321,41.05024401535744
846.01,40.9321,41.05024401535744
848.0,40.9321,41.140953700193684
848.0,41.2544,41.140953700193684
849.0,41.2544,41.1865210855831
849.0,41.2544,41.1865210855831
851.04,40.9321,41.279446611744255
851.04,41.2544,41.279446611744255
852.0,41.2544,41.32316141641653
852.0,41.2544,41.32316141641653
853.0,41.2544,41.36868754696041
853.0,41.2544,41.36868754696041
854.01,41.2544,41.41465844094987
854.01,41.2544,41.41465844094987
855.01,41.2544,41.4601637721785
855.01,41.2544,41.4601637721785
857.0,41.2544,41.550688533642685
857.0,41.2544,41.550688533642685
858.0,41.2544,41.596162839564634
858.0,41.2544,41.596162839564634
860.01,41.576699999999995,41.68753472527483
860.01,41.2544,41.68753472527483
861.05,41.2544,41.73479519758622
861.05,41.576699999999995,41.73479519758622
862.01,41.576699999999995,41.77841023289076
862.01,41.576699999999995,41.77841023289076
863.07,41.576699999999995,41.82655731864296
863.07,41.576699999999995,41.82655731864296
864.07,41.576699999999995,41.87196832755011
864.07,41.576699999999995,41.87196832755011
866.01,41.576699999999995,41.96003582206865
866.01,41.576699999999995,41.96003582206865
867.01,41.576699999999995,42.00541602271373
867.01,41.576699999999995,42.00541602271373
869.0,41.576699999999995,42.09569136880924
869.0,41.576699999999995,42.09569136880924
870.0,41.576699999999995,42.141040136664806
870.0,41.576699999999995,42.141040136664806
871.0,41.576699999999995,42.18637836926055
871.0,41.576699999999995,42.18637836926055
872.01,41.898999999999994,42.232159278823296
872.01,41.576699999999995,42.232159278823296
873.02,41.576699999999995,42.277929418129844
873.02,41.898999999999994,42.277929418129844
875.0,41.898999999999994,42.367625720393804
875.0,41.898999999999994,42.367625720393804
876.0,41.898999999999994,42.412911106724884
876.0,41.898999999999994,42.412911106724884
878.0,41.898999999999994,42.50345005838568
878.0,41.898999999999994,42.50345005838568
879.05,41.898999999999994,42.55096599908358
879.05,41.898999999999994,42.55096599908358
880.0,41.898999999999994,42.59394650659996
880.0,41.898999999999994,42.59394650659996
881.05,41.898999999999994,42.641440096758885
881.05,41.898999999999994,42.641440096758885
882.01,41.898999999999994,42.68485252297345
882.01,42.2213,42.68485252297345
884.04,42.2213,42.77661931814143
884.04,42.2213,42.77661931814143
885.06,42.2213,42.82271211347465
885.06,42.2213,42.82271211347465
886.01,42.2213,42.86563166016422
886.01,42.2213,42.86563166016422
887.03,42.2213,42.9117029327282
887.03,42.2213,42.9117029327282
888.03,42.2213,42.956860011877865
888.03,42.2213,42.956860011877865
890.04,42.2213,43.04759324281239
890.04,42.2213,43.04759324281239
891.04,42.2213,43.092717962785834
891.04,42.2213,43.092717962785834
892.05,42.2213,43.13828299460523
892.05,42.2213,43.13828299460523
893.08,42.5436,43.18473897393367
893.08,42.2213,43.18473897393367
894.01,42.2213,43.22667482470685
894.01,42.2213,43.22667482470685
896.01,42.5436,43.31682777470876
896.01,42.5436,43.31682777470876
897.0,42.5436,43.36143746280685
897.0,42.5436,43.36143746280685
899.0,42.5436,43.451525620812255
899.0,42.5436,43.451525620812255
900.05,42.5436,43.498804515286
900.05,42.5436,43.498804515286
902.02,42.5436,43.58747636758327
902.02,42.5436,43.58747636758327
903.04,42.5436,43.63337107076852
903.04,42.5436,43.63337107076852
905.02,42.5436,43.72242838025088
905.02,42.5436,43.72242838025088
906.05,42.5436,43.76873923399624
906.05,42.865899999999996,43.76873923399624
908.0,42.865899999999996,43.856383319624626
908.0,42.865899999999996,43.856383319624626
909.0,42.865899999999996,43.90131283776897
909.0,42.865899999999996,43.90131283776897
911.0,42.865899999999996,43.991138936844074
911.0,42.865899999999996,43.991138936844074
912.0,42.865899999999996,44.0360354953183
912.0,42.865899999999996,44.0360354953183
914.0,42.865899999999996,44.12579557401946
914.0,42.865899999999996,44.12579557401946
915.0,42.865899999999996,44.170659071806355
915.0,42.865899999999996,44.170659071806355
916.0,43.188199999999995,44.21551152692872
916.0,42.865899999999996,44.21551152692872
917.02,42.865899999999996,44.26124964337177
917.02,42.865899999999996,44.26124964337177
918.09,43.188199999999995,44.30921745145867
918.09,43.188199999999995,44.30921745145867
920.0,43.188199999999995,44.39481069655198
920.0,43.188199999999995,44.39481069655198
921.03,43.188199999999995,44.440951510827965
921.03,43.188199999999995,44.440951510827965
922.0,43.188199999999995,44.484393733966826
922.0,43.188199999999995,44.484393733966826
923.04,43.188199999999995,44.530959338854345
923.04,43.188199999999995,44.530959338854345
924.01,43.188199999999995,44.57437986783936
924.01,43.188199999999995,44.57437986783936
926.01,43.188199999999995,44.66387362384108
926.01,43.188199999999995,44.66387362384108
927.04,43.188199999999995,44.70994548989045
927.04,43.188199999999995,44.70994548989045
929.02,43.188199999999995,44.79847750628571
929.02,43.51049999999999,44.79847750628571
930.02,43.188199999999995,44.84317396388692
930.02,43.51049999999999,44.84317396388692
931.0,43.188199999999995,44.88696561569675
931.0,43.51049999999999,44.88696561569675
932.01,43.188199999999995,44.93208655087522
932.01,43.51049999999999,44.93208655087522
933.0,43.51049999999999,44.97630288157129
933.0,43.51049999999999,44.97630288157129
935.0,43.51049999999999,45.0655951711467
935.0,43.51049999999999,45.0655951711467
936.01,43.51049999999999,45.11067065749126
936.01,43.51049999999999,45.11067065749126
938.0,43.51049999999999,45.199449079634384
938.0,43.51049999999999,45.199449079634384
939.0,43.51049999999999,45.24404446427605
939.0,43.51049999999999,45.24404446427605
941.03,43.51049999999999,45.33453829688111
941.03,43.51049999999999,45.33453829688111
942.11,43.8328,45.38266377117728
942.11,43.51049999999999,45.38266377117728
944.05,43.8328,45.46907813706737
944.05,43.8328,45.46907813706737
945.01,43.8328,45.51182406696089
945.01,43.8328,45.51182406696089
946.01,43.8328,45.55633992672452
946.01,43.8328,45.55633992672452
947.0,43.8328,45.60039940910913
947.0,43.8328,45.60039940910913
948.08,43.8328,45.64845155557885
948.08,43.8328,45.64845155557885
950.0,43.8328,45.73384471789555
950.0,43.8328,45.73384471789555
951.0,43.8328,45.77830363539355
951.0,43.8328,45.77830363539355
953.0,43.8328,45.86718712555066
953.0,43.8328,45.86718712555066
954.01,44.1551,45.91205586354838
954.01,44.1551,45.91205586354838
955.01,44.1551,45.95646882124883
955.01,44.1551,45.95646882124883
956.06,44.1551,46.00309006147306
956.06,44.1551,46.00309006147306
957.1,44.1551,46.04925479088655
957.1,44.1551,46.04925479088655
959.02,44.1551,46.13444926101244
959.02,44.1551,46.13444926101244
960.0,44.1551,46.17791755414829
960.0,44.1551,46.17791755414829
962.0,44.1551,46.266593942686114
962.0,44.1551,46.266593942686114
963.01,44.1551,46.31135794257354
963.01,44.477399999999996,46.31135794257354
965.05,44.477399999999996,46.4017363276981
965.05,44.477399999999996,46.4017363276981
966.03,44.1551,46.445136234530196
966.03,44.1551,46.445136234530196
967.0,44.477399999999996,46.48808230383335
967.0,44.477399999999996,46.48808230383335
968.04,44.477399999999996,46.53411542640849
968.04,44.477399999999996,46.53411542640849
969.05,44.477399999999996,46.57880862695187
969.05,44.477399999999996,46.57880862695187
971.0,44.477399999999996,46.66506386287526
971.0,44.477399999999996,46.66506386287526
972.06,44.477399999999996,46.7119327184934
972.06,44.477399999999996,46.7119327184934
974.04,44.477399999999996,46.799445047259205
974.04,44.477399999999996,46.799445047259205
975.04,44.477399999999996,46.84362576568507
975.04,44.477399999999996,46.84362576568507
977.01,44.477399999999996,46.93062751086866
977.01,44.799699999999994,46.93062751086866
978.01,44.799699999999994,46.974773415602336
978.01,44.799699999999994,46.974773415602336
980.01,44.799699999999994,47.06302998295683
980.01,44.799699999999994,47.06302998295683
981.04,44.799699999999994,47.10846376083395
981.04,44.799699999999994,47.10846376083395
983.04,44.799699999999994,47.19664899328935
983.04,44.799699999999994,47.19664899328935
984.01,44.799699999999994,47.23940184037812
984.01,44.799699999999994,47.23940184037812
986.0,44.799699999999994,47.32707649615839
986.0,44.799699999999994,47.32707649615839
987.01,44.799699999999994,47.371556768608535
987.01,44.799699999999994,47.371556768608535
989.0,45.122,47.45916075554102
989.0,45.122,47.45916075554102
990.01,45.122,47.503605110856206
990.01,45.122,47.503605110856206
991.0,45.122,47.54715762285811
991.0,45.122,47.54715762285811
992.05,45.122,47.59333695005521
992.05,45.122,47.59333695005521
993.01,45.122,47.63554657001242
993.01,45.122,47.63554657001242
995.0,45.122,47.72300862808198
995.0,45.122,47.72300862808198
996.02,45.122,47.76782011724625
996.02,45.122,47.76782011724625
998.0,45.122,47.85477164758271
998.0,45.122,47.85477164758271
999.02,45.4443,47.89954656110498
999.02,45.122,47.89954656110498
1000.02,45.4443,47.943431440585044
1000.02,45.122,47.943431440585044
