Time,T1,Q1
0.0,20.949499999999997,0.0
0.0,20.949499999999997,0.0
2.0,20.949499999999997,0.6309531580111405
2.0,20.949499999999997,0.6309531580111405
3.01,20.949499999999997,0.9495765323807424
3.01,20.949499999999997,0.9495765323807424
5.0,20.949499999999997,1.577327948305126
5.0,20.949499999999997,1.577327948305126
6.0,20.949499999999997,1.8927590005761437
6.0,20.949499999999997,1.8927590005761437
7.0,20.949499999999997,2.2081712148395294
7.0,20.949499999999997,2.2081712148395294
8.0,20.949499999999997,2.5235614519012817
8.0,20.949499999999997,2.5235614519012817
9.0,20.949499999999997,2.8389265727861317
9.0,20.949499999999997,2.8389265727861317
10.0,20.6272,3.1542634387687833
10.0,20.949499999999997,3.1542634387687833
12.01,20.949499999999997,3.7879923769742154
12.01,20.949499999999997,3.7879923769742154
13.01,20.949499999999997,4.103225256329545
13.01,20.949499999999997,4.103225256329545
14.01,20.949499999999997,4.418417297633822
14.01,20.949499999999997,4.418417297633822
15.01,20.949499999999997,4.733565363884354
15.01,20.949499999999997,4.733565363884354
16.08,20.949499999999997,5.0707215399689956
16.08,20.949499999999997,5.0707215399689956
19.02,20.949499999999997,5.996804266297583
19.02,20.949499999999997,5.996804266297583
20.0,20.949499999999997,6.30538780067043
20.0,20.949499999999997,6.30538780067043
21.0,20.949499999999997,6.620206809615062
21.0,20.949499999999997,6.620206809615062
22.0,20.949499999999997,6.934959929819307
22.0,20.949499999999997,6.934959929819307
23.0,20.949499999999997,7.249644028648908
23.0,20.949499999999997,7.249644028648908
24.07,20.949499999999997,7.586276027283229
24.07,20.949499999999997,7.586276027283229
26.03,20.949499999999997,8.202683384182595
26.03,20.949499999999997,8.202683384182595
27.01,20.949499999999997,8.510770926857251
27.01,20.949499999999997,8.510770926857251
28.0,20.949499999999997,8.821919609810033
28.0,20.949499999999997,8.821919609810033
29.0,20.949499999999997,9.13612383572304
29.0,20.949499999999997,9.13612383572304
30.0,20.949499999999997,9.450237132801211
30.0,20.949499999999997,9.450237132801211
32.0,20.949499999999997,10.078178436323924
32.0,20.949499999999997,10.078178436323924
33.0,21.2718,10.392000193075258
33.0,20.949499999999997,10.392000193075258
34.0,21.2718,10.705718521667542
34.0,21.2718,10.705718521667542
35.0,21.2718,11.019330299765464
35.0,21.2718,11.019330299765464
36.0,21.2718,11.332832406094171
36.0,21.2718,11.332832406094171
38.02,21.2718,11.965759388192385
38.02,21.2718,11.965759388192385
39.0,21.2718,12.2726494982757
39.0,21.2718,12.2726494982757
40.0,21.2718,12.58568172707531
40.0,21.2718,12.58568172707531
41.01,21.2718,12.901717121294801
41.01,21.2718,12.901717121294801
42.0,21.2718,13.211367286965462
42.0,21.2718,13.211367286965462
44.02,21.2718,13.842775750386425
44.02,21.594099999999997,13.842775750386425
45.0,21.594099999999997,14.148901687977474
45.0,21.2718,14.148901687977474
46.0,21.594099999999997,14.461135661995792
46.0,21.594099999999997,14.461135661995792
47.01,21.594099999999997,14.776345872217592
47.01,21.594099999999997,14.776345872217592
48.0,21.594099999999997,15.085168723125872
48.0,21.594099999999997,15.085168723125872
50.0,21.594099999999997,15.708601234864544
50.0,21.594099999999997,15.708601234864544
51.01,21.594099999999997,16.02319856065563
51.01,21.594099999999997,16.02319856065563
52.0,21.594099999999997,16.331408377998823
52.0,21.594099999999997,16.331408377998823
53.0,21.594099999999997,16.642569687115838
53.0,21.594099999999997,16.642569687115838
54.01,21.9164,16.956674467976836
54.01,21.9164,16.956674467976836
56.0,21.9164,17.57504740707077
56.0,21.9164,17.57504740707077
57.03,21.9164,17.894839270394318
57.03,21.9164,17.894839270394318
59.0,21.9164,18.505950869487812
59.0,21.9164,18.505950869487812
60.0,21.9164,18.815887772323723
60.0,22.238699999999998,18.815887772323723
61.0,22.238699999999998,19.12563740681889
61.0,22.238699999999998,19.12563740681889
62.0,22.238699999999998,19.435196690137104
62.0,22.238699999999998,19.435196690137104
63.0,22.238699999999998,19.744562541336663
63.0,22.238699999999998,19.744562541336663
65.01,22.238699999999998,20.365790312461577
65.01,22.238699999999998,20.365790312461577
66.0,22.238699999999998,20.6714687218677
66.0,22.238699999999998,20.6714687218677
68.0,22.561,21.288382619072138
68.0,22.561,21.288382619072138
69.01,22.561,21.599603614070407
69.01,22.561,21.599603614070407
71.0,22.561,22.212156731110465
71.0,22.561,22.212156731110465
72.02,22.561,22.525790835632677
72.02,22.561,22.525790835632677
73.01,22.8833,22.829977378491133
73.01,22.8833,22.829977378491133
74.02,22.8833,23.14007959200375
74.02,22.8833,23.14007959200375
75.0,22.8833,23.440746307473496
75.0,22.8833,23.440746307473496
77.0,23.205599999999997,24.05365352959361
77.0,22.8833,24.05365352959361
78.0,22.8833,24.359749567931356
78.0,23.205599999999997,24.359749567931356
79.0,23.205599999999997,24.66560316169578
79.0,23.205599999999997,24.66560316169578
80.0,23.205599999999997,24.9712112668267
80.0,23.205599999999997,24.9712112668267
81.0,23.205599999999997,25.27657084170718
81.0,23.205599999999997,25.27657084170718
83.0,23.205599999999997,25.886532246647043
83.0,23.5279,25.886532246647043
84.03,23.5279,26.20026186650073
84.03,23.5279,26.20026186650073
85.01,23.5279,26.498505117828763
85.01,23.5279,26.498505117828763
86.01,23.5279,26.802573852541556
86.01,23.5279,26.802573852541556
87.07,23.850199999999997,27.124595399788472
87.07,23.5279,27.124595399788472
89.0,23.850199999999997,27.710136187934708
89.0,23.850199999999997,27.710136187934708
90.01,23.850199999999997,28.016150996439098
90.01,23.850199999999997,28.016150996439098
91.01,23.850199999999997,28.31885573574248
91.01,23.850199999999997,28.31885573574248
92.0,24.1725,28.618255802915137
92.0,23.850199999999997,28.618255802915137
93.0,24.1725,28.920396699265495
93.0,24.1725,28.920396699265495
95.0,24.1725,29.523811982140575
95.0,24.1725,29.523811982140575
96.01,24.494799999999998,29.828091552837215
96.01,24.494799999999998,29.828091552837215
97.06,24.494799999999998,30.144100692381564
97.06,24.494799999999998,30.144100692381564
99.03,24.817099999999996,30.73609884814453
99.03,24.494799999999998,30.73609884814453
100.0,24.817099999999996,31.027155554911705
100.0,24.817099999999996,31.027155554911705
101.0,24.817099999999996,31.326909815062333
101.0,24.817099999999996,31.326909815062333
102.01,24.817099999999996,31.629345128915315
102.01,24.817099999999996,31.629345128915315
103.01,24.817099999999996,31.928469673252774
103.01,24.817099999999996,31.928469673252774
105.06,25.1394,32.540678295581344
105.06,25.1394,32.540678295581344
106.0,25.1394,32.820944761529354
106.0,25.1394,32.820944761529354
108.0,25.461699999999997,33.41629294297359
108.0,25.461699999999997,33.41629294297359
109.02,25.461699999999997,33.71940976348108
109.02,25.461699999999997,33.71940976348108
110.0,25.461699999999997,34.010310802247865
110.0,25.461699999999997,34.010310802247865
111.0,25.784,34.306813468914704
111.0,25.784,34.306813468914704
112.01,25.784,34.6059345691057
112.01,25.784,34.6059345691057
114.0,25.784,35.19426101539502
114.0,25.784,35.19426101539502
115.04,26.106299999999997,35.501177673888485
115.04,25.784,35.501177673888485
116.0,26.106299999999997,35.78414623551733
116.0,26.106299999999997,35.78414623551733
117.04,26.106299999999997,36.090325035556006
117.04,26.106299999999997,36.090325035556006
118.0,26.4286,36.37260686784496
118.0,26.106299999999997,36.37260686784496
120.0,26.4286,36.959619485415885
120.0,26.4286,36.959619485415885
121.01,26.750899999999998,37.255503175964456
121.01,26.4286,37.255503175964456
123.0,26.750899999999998,37.837372279717044
123.0,26.750899999999998,37.837372279717044
124.04,26.750899999999998,38.14087278269765
124.04,26.750899999999998,38.14087278269765
126.03,27.073199999999996,38.720462105115374
126.03,27.073199999999996,38.720462105115374
127.01,27.073199999999996,39.00532858997245
127.01,27.073199999999996,39.00532858997245
128.01,27.3955,39.295624332342406
128.01,27.3955,39.295624332342406
129.01,27.3955,39.585528978291286
129.01,27.3955,39.585528978291286
130.05,27.3955,39.886611833473324
130.05,27.3955,39.886611833473324
132.01,27.717799999999997,40.45286750399031
132.01,27.717799999999997,40.45286750399031
133.0,27.717799999999997,40.73829783825558
133.0,27.717799999999997,40.73829783825558
134.0,27.717799999999997,41.02620787009507
134.0,28.0401,41.02620787009507
135.03,27.717799999999997,41.32232829445521
135.03,28.0401,41.32232829445521
136.06,28.0401,41.618012405105425
136.06,28.0401,41.618012405105425
138.0,28.362399999999997,42.17373620034691
138.0,28.362399999999997,42.17373620034691
139.0,28.362399999999997,42.459576057404206
139.0,28.362399999999997,42.459576057404206
141.0,28.6847,43.029985172279524
141.0,28.6847,43.029985172279524
142.0,28.6847,43.31454875300329
142.0,28.6847,43.31454875300329
143.0,28.6847,43.59868123827339
143.0,28.6847,43.59868123827339
144.0,29.006999999999998,43.88237980021271
144.0,29.006999999999998,43.88237980021271
145.06,29.006999999999998,44.182623374032005
145.06,29.006999999999998,44.182623374032005
147.01,29.329299999999996,44.73366528736696
147.01,29.329299999999996,44.73366528736696
148.03,29.329299999999996,45.02122954160908
148.03,29.329299999999996,45.02122954160908
149.01,29.329299999999996,45.297077683051455
149.01,29.6516,45.297077683051455
150.07,29.6516,45.594956525374684
150.07,29.6516,45.594956525374684
151.02,29.6516,45.86149025266542
151.02,29.6516,45.86149025266542
153.04,29.973899999999997,46.42685294653927
153.04,29.973899999999997,46.42685294653927
154.02,29.973899999999997,46.700459991502655
154.02,29.973899999999997,46.700459991502655
155.0,29.973899999999997,46.973620647991936
155.0,29.973899999999997,46.973620647991936
156.01,30.2962,47.25467351035274
156.01,30.2962,47.25467351035274
157.1,30.2962,47.557449631121884
157.1,30.2962,47.557449631121884
159.0,30.618499999999997,48.08387792832104
159.0,30.618499999999997,48.08387792832104
160.01,30.618499999999997,48.36301405736364
160.01,30.618499999999997,48.36301405736364
161.0,30.618499999999997,48.636146228688574
161.0,30.940799999999996,48.636146228688574
162.0,30.940799999999996,48.91155566246707
162.0,30.940799999999996,48.91155566246707
163.01,31.263099999999998,49.189225054349876
163.01,30.940799999999996,49.189225054349876
165.03,31.263099999999998,49.74306281086914
165.03,31.263099999999998,49.74306281086914
166.0,31.263099999999998,50.00829805360346
166.0,31.263099999999998,50.00829805360346
167.01,31.263099999999998,50.283973129496
167.01,31.585399999999996,50.283973129496
168.01,31.585399999999996,50.55641579614697
168.01,31.585399999999996,50.55641579614697
169.0,31.585399999999996,50.82563839606069
169.0,31.585399999999996,50.82563839606069
171.01,31.9077,51.370713946794474
171.01,31.9077,51.370713946794474
172.05,32.23,51.651933586836854
172.05,32.23,51.651933586836854
174.02,32.23,52.18310185887562
174.02,32.23,52.18310185887562
175.03,32.552299999999995,52.454646413362305
175.03,32.552299999999995,52.454646413362305
177.0,32.552299999999995,52.98275780011528
177.0,32.552299999999995,52.98275780011528
178.0,32.552299999999995,53.250052855889884
178.0,32.8746,53.250052855889884
179.01,32.8746,53.51948289677434
179.01,32.8746,53.51948289677434
180.01,33.1969,53.78570999726653
180.01,32.8746,53.78570999726653
181.06,33.1969,54.064672276350954
181.06,33.1969,54.064672276350954
183.04,33.5192,54.58909887528082
183.04,33.5192,54.58909887528082
184.04,33.5192,54.85315254776617
184.04,33.5192,54.85315254776617
185.01,33.5192,55.108763021188146
185.01,33.5192,55.108763021188146
186.0,33.841499999999996,55.36911166198367
186.0,33.841499999999996,55.36911166198367
187.0,33.841499999999996,55.63154176315361
187.0,33.841499999999996,55.63154176315361
189.0,34.163799999999995,56.15473831182497
189.0,34.163799999999995,56.15473831182497
190.01,34.163799999999995,56.418104333347785
190.01,34.4861,56.418104333347785
192.02,34.4861,56.94052193061503
192.02,34.4861,56.94052193061503
193.05,34.4861,57.20734254050348
193.05,34.8084,57.20734254050348
195.04,34.8084,57.72113695976082
195.04,34.8084,57.72113695976082
196.02,35.1307,57.97332656473061
196.02,34.8084,57.97332656473061
197.0,35.1307,58.22496202901767
197.0,35.1307,58.22496202901767
198.07,35.1307,58.49907122879099
198.07,35.452999999999996,58.49907122879099
199.0,35.452999999999996,58.736774317510985
199.0,35.452999999999996,58.736774317510985
201.0,35.775299999999994,59.24624826065885
201.0,35.775299999999994,59.24624826065885
202.0,35.775299999999994,59.50010201080234
202.0,35.775299999999994,59.50010201080234
204.04,36.0976,60.0161247045606
204.04,36.0976,60.0161247045606
205.0,36.0976,60.258100074993614
205.0,36.0976,60.258100074993614
206.0,36.4199,60.50956998530223
206.0,36.4199,60.50956998530223
208.0,36.4199,61.0107006135871
208.0,36.7422,61.0107006135871
209.01,36.7422,61.262849826408605
209.01,36.7422,61.262849826408605
210.02,36.7422,61.51437705469841
210.02,36.7422,61.51437705469841
211.03,37.064499999999995,61.76527974477107
211.03,37.064499999999995,61.76527974477107
212.03,37.064499999999995,62.01308045491435
212.03,37.064499999999995,62.01308045491435
213.0,37.064499999999995,62.25285746755817
213.0,37.064499999999995,62.25285746755817
215.01,37.386799999999994,62.74785685378706
215.01,37.386799999999994,62.74785685378706
216.0,37.7091,62.990736362037026
216.0,37.7091,62.990736362037026
217.0,37.7091,63.235445399114646
217.0,37.7091,63.235445399114646
218.07,37.7091,63.49658701949067
218.07,38.0314,63.49658701949067
219.03,38.0314,63.73026660929748
219.03,38.0314,63.73026660929748
221.0,38.353699999999996,64.20796367060036
221.0,38.353699999999996,64.20796367060036
222.0,38.353699999999996,64.44950167031055
222.0,38.353699999999996,64.44950167031055
223.03,38.353699999999996,64.69761518658267
223.03,38.353699999999996,64.69761518658267
224.04,38.675999999999995,64.94024762085606
224.04,38.675999999999995,64.94024762085606
225.03,38.675999999999995,65.17743560259885
225.03,38.675999999999995,65.17743560259885
227.0,38.9983,65.64752214353788
227.0,38.9983,65.64752214353788
228.0,38.9983,65.88517564018031
228.0,38.9983,65.88517564018031
229.08,39.3206,66.1411048260175
229.08,39.3206,66.1411048260175
231.02,39.6429,66.59889913262433
231.02,39.6429,66.59889913262433
232.0,39.6429,66.8292087371393
232.0,39.6429,66.8292087371393
233.0,39.965199999999996,67.06356004440114
233.0,39.965199999999996,67.06356004440114
234.0,39.965199999999996,67.29724389011317
234.0,39.965199999999996,67.29724389011317
235.0,39.965199999999996,67.53025794849692
235.0,39.965199999999996,67.53025794849692
237.05,40.287499999999994,68.00583306529133
237.05,40.287499999999994,68.00583306529133
238.06,40.287499999999994,68.23909612045907
238.06,40.6098,68.23909612045907
240.0,40.6098,68.68520049616929
240.0,40.6098,68.68520049616929
241.02,40.9321,68.91871931312023
241.02,40.9321,68.91871931312023
243.05,41.2544,69.38134172599464
243.05,41.2544,69.38134172599464
244.0,41.2544,69.5968636087112
244.0,41.2544,69.5968636087112
246.03,41.576699999999995,70.05530225776228
246.03,41.576699999999995,70.05530225776228
247.01,41.576699999999995,70.27559027065797
247.01,41.576699999999995,70.27559027065797
249.03,41.898999999999994,70.72753170251553
249.03,41.898999999999994,70.72753170251553
250.05,41.898999999999994,70.95464953151567
250.05,42.2213,70.95464953151567
251.0,42.2213,71.1655200754475
251.0,42.2213,71.1655200754475
252.0,42.2213,71.3867984533546
252.0,42.2213,71.3867984533546
253.11,42.5436,71.63158533998599
253.11,42.5436,71.63158533998599
255.04,42.865899999999996,72.05511259032194
255.04,42.865899999999996,72.05511259032194
256.04,42.865899999999996,72.27350714049379
256.04,42.865899999999996,72.27350714049379
258.01,43.188199999999995,72.70163803661978
258.01,43.188199999999995,72.70163803661978
259.01,43.51049999999999,72.9178898918579
259.01,43.188199999999995,72.9178898918579
261.0,43.51049999999999,73.34606990141674
261.0,43.51049999999999,73.34606990141674
262.01,43.51049999999999,73.56228251796122
262.01,43.8328,73.56228251796122
263.02,43.8328,73.77774827728351
263.02,43.8328,73.77774827728351
264.08,43.8328,74.00307503485385
264.08,43.8328,74.00307503485385
265.02,44.1551,74.20220084573319
265.02,44.1551,74.20220084573319
266.0,44.1551,74.40910527862957
266.0,44.1551,74.40910527862957
269.0,44.477399999999996,75.03805658657107
269.0,44.477399999999996,75.03805658657107
270.04,44.799699999999994,75.25452695780405
270.04,44.799699999999994,75.25452695780405
272.02,45.122,75.6644119970447
272.02,45.122,75.6644119970447
273.05,45.122,75.87646867151786
273.05,45.122,75.87646867151786
275.01,45.4443,76.27777933002456
275.01,45.4443,76.27777933002456
276.01,45.4443,76.48140706124505
276.01,45.7666,76.48140706124505
278.01,45.7666,76.88637692177375
278.01,45.7666,76.88637692177375
279.01,46.088899999999995,77.08771502055016
279.01,46.088899999999995,77.08771502055016
280.0,46.088899999999995,77.28628398630183
280.0,46.088899999999995,77.28628398630183
281.0,46.411199999999994,77.48609333363441
281.0,46.411199999999994,77.48609333363441
282.02,46.411199999999994,77.68910437065419
282.02,46.411199999999994,77.68910437065419
284.0,46.7335,78.08088629791389
284.0,46.7335,78.08088629791389
285.03,46.7335,78.28348837055053
285.03,46.7335,78.28348837055053
287.02,47.0558,78.67258036097984
287.02,47.0558,78.67258036097984
288.02,47.0558,78.8669343439501
288.02,47.0558,78.8669343439501
290.02,47.378099999999996,79.25328557340853
290.02,47.378099999999996,79.25328557340853
291.02,47.378099999999996,79.44527897466999
291.02,47.700399999999995,79.44527897466999
292.0,47.700399999999995,79.63266539014602
292.0,47.700399999999995,79.63266539014602
293.0,47.700399999999995,79.82309137349233
293.0,47.700399999999995,79.82309137349233
294.01,48.02269999999999,80.01461520079512
294.01,48.02269999999999,80.01461520079512
296.0,48.345,80.38959506429178
296.0,48.345,80.38959506429178
297.05,48.345,80.58617275155217
297.05,48.345,80.58617275155217
299.03,48.6673,80.95445447736304
299.03,48.6673,80.95445447736304
300.02,48.6673,81.13741171739538
300.02,48.6673,81.13741171739538
301.04,48.989599999999996,81.32508529434206
301.04,48.989599999999996,81.32508529434206
302.01,48.989599999999996,81.50277802136449
302.01,48.989599999999996,81.50277802136449
303.06,48.989599999999996,81.69426552108345
303.06,49.311899999999994,81.69426552108345
305.01,49.311899999999994,82.04750533036275
305.01,49.311899999999994,82.04750533036275
306.01,49.63419999999999,82.22745031782397
306.01,49.63419999999999,82.22745031782397
308.04,49.9565,82.59021986471872
308.04,49.9565,82.59021986471872
309.01,49.9565,82.76236786065219
309.01,49.9565,82.76236786065219
310.0,50.2788,82.93726612821389
310.0,49.9565,82.93726612821389
311.0,50.2788,83.1131097190304
311.0,50.2788,83.1131097190304
312.01,50.2788,83.28987209309551
312.01,50.2788,83.28987209309551
314.01,50.601099999999995,83.6373997146503
314.01,50.601099999999995,83.6373997146503
315.07,50.923399999999994,83.82024021944208
315.07,50.601099999999995,83.82024021944208
317.04,50.923399999999994,84.15755620954467
317.04,50.923399999999994,84.15755620954467
318.01,51.2457,84.32245229361061
318.01,50.923399999999994,84.32245229361061
320.03,51.2457,84.66330795747294
320.03,51.2457,84.66330795747294
321.01,51.568,84.82743576991685
321.01,51.568,84.82743576991685
322.0,51.568,84.99241507082145
322.0,51.890299999999996,84.99241507082145
323.0,51.568,85.15821915177916
323.0,51.890299999999996,85.15821915177916
324.09,51.890299999999996,85.33798014004785
324.09,51.890299999999996,85.33798014004785
325.08,51.890299999999996,85.5003748694393
325.08,51.890299999999996,85.5003748694393
327.01,52.212599999999995,85.81456331313085
327.01,52.212599999999995,85.81456331313085
328.0,52.53489999999999,85.97449357219588
328.0,52.53489999999999,85.97449357219588
330.0,52.8572,86.29502492387105
330.0,52.53489999999999,86.29502492387105
331.0,52.8572,86.45400309612218
331.0,52.8572,86.45400309612218
332.01,52.8572,86.61369764676763
332.01,52.8572,86.61369764676763
333.02,52.8572,86.77251283283366
333.02,53.1795,86.77251283283366
334.1,53.1795,86.94136029138988
334.1,53.1795,86.94136029138988
336.0,53.501799999999996,87.23595588853506
336.0,53.501799999999996,87.23595588853506
337.03,53.501799999999996,87.39434826898653
337.03,53.501799999999996,87.39434826898653
339.0,53.824099999999994,87.69472122981516
339.0,53.824099999999994,87.69472122981516
340.02,53.824099999999994,87.84891408874273
340.02,53.824099999999994,87.84891408874273
342.01,54.14639999999999,88.14712130610339
342.01,54.14639999999999,88.14712130610339
343.04,54.14639999999999,88.30010604193345
343.04,54.4687,88.30010604193345
345.02,54.4687,88.59157301614965
345.02,54.4687,88.59157301614965
346.03,54.791,88.73891996998232
346.03,54.791,88.73891996998232
347.0,54.791,88.87958329275017
347.0,54.791,88.87958329275017
348.0,55.113299999999995,89.02372569295396
348.0,54.791,89.02372569295396
349.0,55.113299999999995,89.16698206930394
349.0,55.113299999999995,89.16698206930394
350.01,55.113299999999995,89.31077019886128
350.01,55.435599999999994,89.31077019886128
352.0,55.435599999999994,89.59142084157156
352.0,55.435599999999994,89.59142084157156
353.02,55.435599999999994,89.73390381065744
353.02,55.435599999999994,89.73390381065744
354.0,55.75789999999999,89.86992400025365
354.0,55.75789999999999,89.86992400025365
355.03,55.75789999999999,90.01195808613677
355.03,55.75789999999999,90.01195808613677
356.07,56.0802,90.15440683581235
356.07,55.75789999999999,90.15440683581235
358.0,56.0802,90.41618604993748
358.0,56.0802,90.41618604993748
359.01,56.402499999999996,90.55184387450592
359.01,56.402499999999996,90.55184387450592
360.0,56.402499999999996,90.68392319392746
360.0,56.402499999999996,90.68392319392746
361.0,56.724799999999995,90.81643860897493
361.0,56.724799999999995,90.81643860897493
362.06,56.724799999999995,90.95591807922942
362.06,56.724799999999995,90.95591807922942
364.0,57.04709999999999,91.2085564267663
364.0,57.04709999999999,91.2085564267663
365.03,57.04709999999999,91.34130127935651
365.03,57.04709999999999,91.34130127935651
367.0,57.3694,91.59250437996788
367.0,57.3694,91.59250437996788
368.0,57.3694,91.71866554021348
368.0,57.3694,91.71866554021348
370.01,57.6917,91.96948679890123
370.01,57.6917,91.96948679890123
371.03,57.6917,92.09535538167377
371.03,57.6917,92.09535538167377
373.02,58.013999999999996,92.33817618281164
373.02,58.013999999999996,92.33817618281164
374.0,58.013999999999996,92.45641943115484
374.0,58.336299999999994,92.45641943115484
376.06,58.336299999999994,92.70208892838373
376.06,58.336299999999994,92.70208892838373
377.03,58.336299999999994,92.81641303000116
377.03,58.336299999999994,92.81641303000116
379.0,58.65859999999999,93.04592075733534
379.0,58.65859999999999,93.04592075733534
380.01,58.9809,93.1621940910026
380.01,58.9809,93.1621940910026
381.0,58.9809,93.275247049409
381.0,58.9809,93.275247049409
382.15,59.3032,93.40542879915934
382.15,58.9809,93.40542879915934
383.01,59.3032,93.5019787191669
383.01,59.3032,93.5019787191669
385.0,59.3032,93.72275062532492
385.0,59.3032,93.72275062532492
386.01,59.625499999999995,93.83338805300642
386.01,59.625499999999995,93.83338805300642
387.0,59.625499999999995,93.94091009378805
387.0,59.625499999999995,93.94091009378805
388.05,59.947799999999994,94.05394725352696
388.05,59.947799999999994,94.05394725352696
389.04,59.947799999999994,94.15957990691261
389.04,59.947799999999994,94.15957990691261
391.01,59.947799999999994,94.36704489107842
391.01,59.947799999999994,94.36704489107842
392.0,60.27009999999999,94.46992832155982
392.0,60.27009999999999,94.46992832155982
394.03,60.27009999999999,94.67800814495564
394.03,60.5924,94.67800814495564
395.03,60.5924,94.7790834660961
395.03,60.5924,94.7790834660961
396.01,60.5924,94.87722209272891
396.01,60.5924,94.87722209272891
397.03,60.5924,94.97840319668714
397.03,60.914699999999996,94.97840319668714
398.07,60.914699999999996,95.08055564353283
398.07,60.914699999999996,95.08055564353283
400.0,60.914699999999996,95.26741402939558
400.0,61.236999999999995,95.26741402939558
401.02,61.236999999999995,95.36474212537016
401.02,61.236999999999995,95.36474212537016
402.0,61.236999999999995,95.45732329438827
402.0,61.236999999999995,95.45732329438827
403.06,61.55929999999999,95.55643488309276
403.06,61.55929999999999,95.55643488309276
404.01,61.55929999999999,95.64435333222855
404.01,61.55929999999999,95.64435333222855
406.0,61.88159999999999,95.82573377962015
406.0,61.88159999999999,95.82573377962015
407.0,61.88159999999999,95.91545436390227
407.0,61.88159999999999,95.91545436390227
409.0,62.2039,96.09203080412206
409.0,61.88159999999999,96.09203080412206
410.0,62.2039,96.17888490265254
410.0,62.2039,96.17888490265254
411.03,62.2039,96.26734387196517
411.03,62.2039,96.26734387196517
412.1,62.526199999999996,96.35816168374176
412.1,62.526199999999996,96.35816168374176
413.01,62.526199999999996,96.43453532023125
413.01,62.526199999999996,96.43453532023125
415.01,62.848499999999994,96.59959562914457
415.01,62.848499999999994,96.59959562914457
416.05,62.848499999999994,96.68390758392086
416.05,62.848499999999994,96.68390758392086
418.04,63.17079999999999,96.84233342683129
418.04,63.17079999999999,96.84233342683129
419.07,63.17079999999999,96.92283406433395
419.07,63.17079999999999,96.92283406433395
421.04,63.4931,97.07395007753794
421.04,63.4931,97.07395007753794
422.05,63.4931,97.14997221370088
422.05,63.4931,97.14997221370088
424.0,63.8154,97.29395647802197
424.0,63.8154,97.29395647802197
425.06,63.8154,97.3706804086722
425.06,63.8154,97.3706804086722
427.08,63.8154,97.51387478530121
427.08,64.1377,97.51387478530121
428.02,64.1377,97.57915995071332
428.02,64.1377,97.57915995071332
430.0,64.1377,97.71386736055184
430.0,64.46,97.71386736055184
431.06,64.46,97.78441686649194
431.06,64.46,97.78441686649194
433.0,64.78229999999999,97.91070315789686
433.0,64.46,97.91070315789686
434.05,64.78229999999999,97.97752460635442
434.05,64.78229999999999,97.97752460635442
435.0,64.78229999999999,98.03705574607613
435.0,64.78229999999999,98.03705574607613
436.0,65.10459999999999,98.09876875628217
436.0,64.78229999999999,98.09876875628217
437.0,65.10459999999999,98.15950542171635
437.0,65.10459999999999,98.15950542171635
439.04,65.10459999999999,98.28037825568603
439.04,65.42689999999999,98.28037825568603
440.05,65.42689999999999,98.33871586899366
440.05,65.42689999999999,98.33871586899366
442.0,65.42689999999999,98.4485227605255
442.0,65.42689999999999,98.4485227605255
443.0,65.7492,98.50338900351468
443.0,65.42689999999999,98.50338900351468
444.0,65.7492,98.55727487467982
444.0,65.7492,98.55727487467982
445.05,65.7492,98.61279932753921
445.05,65.7492,98.61279932753921
446.04,66.0715,98.66415988601766
446.04,65.7492,98.66415988601766
448.0,66.0715,98.76300406140419
448.0,66.0715,98.76300406140419
449.0,66.3938,98.81198022415505
449.0,66.0715,98.81198022415505
450.0,66.3938,98.85997294377496
450.0,66.3938,98.85997294377496
451.03,66.3938,98.90837680008093
451.03,66.3938,98.90837680008093
452.07,66.7161,98.95619098425401
452.07,66.3938,98.95619098425401
454.0,66.7161,99.04209998474772
454.0,66.7161,99.04209998474772
455.02,66.7161,99.08601983305829
455.02,66.7161,99.08601983305829
457.0,67.0384,99.16834668481637
457.0,67.0384,99.16834668481637
458.01,67.0384,99.20885158930119
458.01,67.0384,99.20885158930119
459.04,67.0384,99.24912121322677
459.04,67.0384,99.24912121322677
460.0,67.0384,99.28571053446232
460.0,67.0384,99.28571053446232
461.02,67.3607,99.32358883873377
461.02,67.3607,99.32358883873377
462.03,67.3607,99.36008239169378
462.03,67.3607,99.36008239169378
464.0,67.68299999999999,99.42835984464863
464.0,67.68299999999999,99.42835984464863
465.0,67.68299999999999,99.46154909054144
465.0,67.68299999999999,99.46154909054144
467.02,67.68299999999999,99.52557161733357
467.02,67.68299999999999,99.52557161733357
468.04,67.68299999999999,99.55636424304329
468.04,68.00529999999999,99.55636424304329
469.02,68.00529999999999,99.58497828395949
469.02,68.00529999999999,99.58497828395949
470.03,68.00529999999999,99.61347221937214
470.03,68.00529999999999,99.61347221937214
471.06,68.32759999999999,99.64148880325804
471.06,68.00529999999999,99.64148880325804
473.02,68.32759999999999,99.69189580130525
473.02,68.32759999999999,99.69189580130525
474.0,68.32759999999999,99.71567005421605
474.0,68.32759999999999,99.71567005421605
476.03,68.64989999999999,99.76188442852644
476.03,68.64989999999999,99.76188442852644
477.0,68.64989999999999,99.78252260749652
477.0,68.64989999999999,99.78252260749652
478.01,68.64989999999999,99.8030188393088
478.01,68.64989999999999,99.8030188393088
479.01,68.64989999999999,99.82231386565583
479.01,68.64989999999999,99.82231386565583
480.0,68.9722,99.8404372965012
480.0,68.9722,99.8404372965012
482.01,68.9722,99.87423723409464
482.01,68.9722,99.87423723409464
483.01,68.9722,99.88955721251087
483.01,69.2945,99.88955721251087
484.01,69.2945,99.90388302302688
484.01,69.2945,99.90388302302688
485.0,69.2945,99.91708613034304
485.0,69.2945,99.91708613034304
486.01,69.2945,99.9295515799341
486.01,69.2945,99.9295515799341
488.0,69.6168,99.95114332882183
488.0,69.6168,99.95114332882183
489.06,69.6168,99.96103644996782
489.06,69.6168,99.96103644996782
491.0,69.6168,99.97624755908599
491.0,69.9391,99.97624755908599
492.01,69.9391,99.98268443162036
492.01,69.9391,99.98268443162036
493.02,69.9391,99.98810620800211
493.02,69.9391,99.98810620800211
494.0,69.9391,99.99239657246312
494.0,69.9391,99.99239657246312
495.01,69.9391,99.99581815659081
495.01,70.2614,99.99581815659081
497.0,70.2614,99.99958892243048
497.0,70.2614,99.99958892243048
498.01,70.2614,99.99999491166842
498.01,70.2614,99.99999491166842
499.01,70.2614,99.99939663783044
499.01,70.2614,99.99939663783044
500.0,70.5837,99.9978239647445
500.0,70.5837,99.9978239647445
501.1,70.5837,99.99493251653617
501.1,70.5837,99.99493251653617
503.01,70.5837,99.98705113964574
503.01,70.5837,99.98705113964574
504.01,70.90599999999999,99.98147681797988
504.01,70.5837,99.98147681797988
506.02,70.90599999999999,99.96726232298496
506.02,70.90599999999999,99.96726232298496
507.01,70.90599999999999,99.95878362794318
507.01,70.90599999999999,99.95878362794318
509.05,70.90599999999999,99.93823777577241
509.05,71.22829999999999,99.93823777577241
510.02,71.22829999999999,99.92701632629405
510.02,71.22829999999999,99.92701632629405
512.03,71.22829999999999,99.9007852115583
512.03,71.22829999999999,99.9007852115583
513.02,71.22829999999999,99.88638883538506
513.02,71.55059999999999,99.88638883538506
515.02,71.55059999999999,99.85433293497165
515.02,71.55059999999999,99.85433293497165
516.0,71.55059999999999,99.83717429001136
516.0,71.55059999999999,99.83717429001136
517.0,71.55059999999999,99.81868175970473
517.0,71.55059999999999,99.81868175970473
518.06,71.55059999999999,99.79799501940616
518.06,71.55059999999999,99.79799501940616
519.07,71.8729,99.77724576453278
519.07,71.55059999999999,99.77724576453278
521.0,71.8729,99.73477900228005
521.0,71.8729,99.73477900228005
522.06,71.8729,99.70988216891563
522.06,71.8729,99.70988216891563
524.01,71.8729,99.66116921694145
524.01,71.8729,99.66116921694145
525.0,72.1952,99.63499440334313
525.0,72.1952,99.63499440334313
526.01,72.1952,99.60728925677317
526.01,72.1952,99.60728925677317
527.01,72.1952,99.57886210228916
527.01,72.1952,99.57886210228916
528.01,72.1952,99.5494438721512
528.01,72.1952,99.5494438721512
530.02,72.5175,99.48731637012604
530.02,72.5175,99.48731637012604
531.04,72.5175,99.45425872044133
531.04,72.5175,99.45425872044133
532.04,72.5175,99.42084952390464
532.04,72.5175,99.42084952390464
533.03,72.5175,99.38679970828052
533.03,72.5175,99.38679970828052
534.01,72.5175,99.35213898892212
534.01,72.5175,99.35213898892212
536.04,72.8398,99.27732118050002
536.04,72.8398,99.27732118050002
537.07,72.8398,99.23780213347709
537.07,72.8398,99.23780213347709
539.0,72.8398,99.16093100352062
539.0,72.8398,99.16093100352062
540.01,72.8398,99.11923764950524
540.01,72.8398,99.11923764950524
542.03,73.1621,99.03283238553358
542.03,73.1621,99.03283238553358
543.0,73.1621,98.98991120262497
543.0,73.1621,98.98991120262497
544.0,73.1621,98.94469212900329
544.0,73.1621,98.94469212900329
545.01,73.1621,98.89802128152651
545.01,73.4844,98.89802128152651
546.06,73.1621,98.84843757053652
546.06,73.1621,98.84843757053652
548.0,73.4844,98.75397284232147
548.0,73.4844,98.75397284232147
549.01,73.4844,98.70332830155031
549.01,73.4844,98.70332830155031
550.0,73.4844,98.65271408150996
550.0,73.4844,98.65271408150996
551.03,73.4844,98.599033422736
551.03,73.4844,98.599033422736
552.05,73.80669999999999,98.54484795965264
552.05,73.4844,98.54484795965264
554.0,73.80669999999999,98.43841848063774
554.0,73.80669999999999,98.43841848063774
555.01,73.80669999999999,98.38182871858393
555.01,73.80669999999999,98.38182871858393
557.0,73.80669999999999,98.26740783333643
557.0,73.80669999999999,98.26740783333643
558.0,73.80669999999999,98.20844747168155
558.0,73.80669999999999,98.20844747168155
559.0,73.80669999999999,98.14850967365864
559.0,73.80669999999999,98.14850967365864
560.0,73.80669999999999,98.08759503580889
560.0,74.12899999999999,98.08759503580889
561.0,74.12899999999999,98.02570416439569
561.0,74.12899999999999,98.02570416439569
563.04,74.12899999999999,97.89642226439378
563.04,74.12899999999999,97.89642226439378
564.05,74.12899999999999,97.83091399991602
564.05,74.12899999999999,97.83091399991602
565.02,74.12899999999999,97.76706508995859
565.02,74.12899999999999,97.76706508995859
566.07,74.12899999999999,97.69691839663895
566.07,74.12899999999999,97.69691839663895
567.05,74.45129999999999,97.63048094216032
567.05,74.12899999999999,97.63048094216032
569.0,74.45129999999999,97.49550873985339
569.0,74.45129999999999,97.49550873985339
570.0,74.45129999999999,97.42486064931364
570.0,74.45129999999999,97.42486064931364
572.05,74.45129999999999,97.27700151425871
572.05,74.45129999999999,97.27700151425871
573.03,74.45129999999999,97.20487981621521
573.03,74.45129999999999,97.20487981621521
575.04,74.77359999999999,97.05405037365503
575.04,74.45129999999999,97.05405037365503
576.02,74.45129999999999,96.97909605331375
576.02,74.45129999999999,96.97909605331375
577.05,74.77359999999999,96.89931841832482
577.05,74.77359999999999,96.89931841832482
578.0,74.77359999999999,96.82483006021268
578.0,74.77359999999999,96.82483006021268
579.09,74.77359999999999,96.73829310765116
579.09,74.77359999999999,96.73829310765116
581.02,74.77359999999999,96.58226187979487
581.02,74.77359999999999,96.58226187979487
582.0,74.77359999999999,96.50166257400011
582.0,74.77359999999999,96.50166257400011
583.0,74.77359999999999,96.41846754502508
583.0,74.77359999999999,96.41846754502508
584.03,74.77359999999999,96.33177343783873
584.03,74.77359999999999,96.33177343783873
585.03,74.77359999999999,96.2466312533823
585.03,74.77359999999999,96.2466312533823
587.01,75.0959,96.07522452476043
587.01,75.0959,96.07522452476043
588.02,75.0959,95.98634553453624
588.02,75.0959,95.98634553453624
589.0,75.0959,95.89917497268696
589.0,75.0959,95.89917497268696
590.01,75.0959,95.80837675570592
590.01,75.0959,95.80837675570592
591.02,75.0959,95.71660582314733
591.02,75.0959,95.71660582314733
593.02,75.0959,95.5320146779733
593.02,75.0959,95.5320146779733
594.03,75.0959,95.43735042494657
594.03,75.0959,95.43735042494657
596.04,75.0959,95.24607723253983
596.04,75.0959,95.24607723253983
597.02,75.0959,95.15143033154746
597.02,75.0959,95.15143033154746
598.05,75.4182,95.05097422539312
598.05,75.4182,95.05097422539312
599.0,75.4182,94.95743078735661
599.0,75.4182,94.95743078735661
600.05,75.4182,94.85304837202297
600.05,75.4182,94.85304837202297
602.01,75.4182,94.6554173581169
602.01,75.4182,94.6554173581169
603.08,75.4182,94.54599932359399
603.08,75.4182,94.54599932359399
605.01,75.4182,94.34591452271441
605.01,75.4182,94.34591452271441
606.02,75.4182,94.23981233663041
606.02,75.4182,94.23981233663041
607.0,75.4182,94.13594710718425
607.0,75.4182,94.13594710718425
608.0,75.4182,94.02903465108436
608.0,75.4182,94.02903465108436
609.05,75.4182,93.91576939354276
609.05,75.4182,93.91576939354276
611.02,75.7405,93.70048269429073
611.02,75.4182,93.70048269429073
612.0,75.7405,93.59203720650531
612.0,75.4182,93.59203720650531
614.03,75.7405,93.36455546815317
614.03,75.4182,93.36455546815317
615.0,75.7405,93.25450469689962
615.0,75.7405,93.25450469689962
617.05,75.7405,93.01905140771474
617.05,75.7405,93.01905140771474
618.02,75.7405,92.90628519556498
618.02,75.7405,92.90628519556498
620.0,75.7405,92.67340327840941
620.0,75.7405,92.67340327840941
621.0,75.7405,92.55441127818382
621.0,75.7405,92.55441127818382
622.0,75.7405,92.43449811435234
622.0,75.7405,92.43449811435234
623.0,75.7405,92.31366498037121
623.0,75.7405,92.31366498037121
624.0,75.7405,92.19191307885288
624.0,75.7405,92.19191307885288
626.0,75.7405,91.94565782936324
626.0,75.7405,91.94565782936324
627.01,75.7405,91.81990730622395
627.01,75.7405,91.81990730622395
628.01,75.7405,91.69448341101413
628.01,75.7405,91.69448341101413
629.0,75.7405,91.56941478905371
629.0,75.7405,91.56941478905371
630.05,75.7405,91.43579021083585
630.05,75.7405,91.43579021083585
632.02,75.7405,91.18237914662551
632.02,75.7405,91.18237914662551
633.0,75.7405,91.05500437380373
633.0,75.7405,91.05500437380373
635.03,75.7405,90.78838932220044
635.03,76.0628,90.78838932220044
636.05,75.7405,90.65301889266132
636.05,75.7405,90.65301889266132
637.01,75.7405,90.5247539157738
637.01,75.7405,90.5247539157738
638.0,75.7405,90.39161101657422
638.0,75.7405,90.39161101657422
639.01,75.7405,90.25486973653189
639.01,75.7405,90.25486973653189
641.0,75.7405,89.98276876440427
641.0,75.7405,89.98276876440427
642.02,75.7405,89.84192445898528
642.02,75.7405,89.84192445898528
643.06,75.7405,89.69736067859853
643.06,75.7405,89.69736067859853
644.0,75.7405,89.56586644566794
644.0,75.7405,89.56586644566794
645.0,75.7405,89.4251143138628
645.0,75.7405,89.4251143138628
646.01,75.7405,89.2820512519772
646.01,75.7405,89.2820512519772
647.09,75.7405,89.12807009751356
647.09,75.7405,89.12807009751356
649.01,75.7405,88.85177223521576
649.01,75.7405,88.85177223521576
650.03,75.7405,88.70366241166184
650.03,75.7405,88.70366241166184
652.03,75.7405,88.41058625562052
652.03,75.7405,88.41058625562052
653.05,75.7405,88.25976142502608
653.05,76.0628,88.25976142502608
654.01,75.7405,88.11697376450127
654.01,75.7405,88.11697376450127
655.07,75.7405,87.95837352694038
655.07,75.7405,87.95837352694038
656.04,75.7405,87.81237740768736
656.04,75.7405,87.81237740768736
658.0,75.7405,87.51486685640887
658.0,75.7405,87.51486685640887
659.04,75.7405,87.3556446198208
659.04,75.7405,87.3556446198208
660.0,75.7405,87.207835563354
660.0,75.7405,87.207835563354
661.05,75.7405,87.04525355131483
661.05,75.7405,87.04525355131483
662.01,75.7405,86.89577125772495
662.01,75.7405,86.89577125772495
664.02,75.7405,86.58021290052677
664.02,75.7405,86.58021290052677
665.06,75.7405,86.41557145813657
665.06,75.7405,86.41557145813657
667.02,75.7405,86.102758498075
667.02,75.7405,86.102758498075
668.05,75.7405,85.93705175722197
668.05,75.7405,85.93705175722197
670.02,75.7405,85.61759157494208
670.02,75.7405,85.61759157494208
671.01,75.7405,85.45580136496815
671.01,75.7405,85.45580136496815
672.0,75.7405,85.29317756672184
672.0,75.7405,85.29317756672184
673.0,75.7405,85.12806645881514
673.0,75.7405,85.12806645881514
674.01,75.7405,84.96044424263465
674.01,75.7405,84.96044424263465
676.0,75.4182,84.62765624059215
676.0,75.4182,84.62765624059215
677.01,75.4182,84.45747692064289
677.01,75.7405,84.45747692064289
679.05,75.4182,84.11113515697474
679.05,75.4182,84.11113515697474
680.02,75.4182,83.94523007688194
680.02,75.4182,83.94523007688194
682.03,75.4182,83.59894698406444
682.03,75.4182,83.59894698406444
683.04,75.4182,83.4236742299112
683.04,75.4182,83.4236742299112
685.0,75.4182,83.08112592658064
685.0,75.4182,83.08112592658064
686.04,75.4182,82.89807483696133
686.04,75.4182,82.89807483696133
688.02,75.4182,82.54710861686408
688.02,75.4182,82.54710861686408
689.0,75.4182,82.37220561182914
689.0,75.4182,82.37220561182914
690.0,75.4182,82.19292154422041
690.0,75.4182,82.19292154422041
691.05,75.4182,82.00379289076015
691.05,75.0959,82.00379289076015
692.17,75.4182,81.80106391779422
692.17,75.4182,81.80106391779422
694.0,75.0959,81.4676228482827
694.0,75.0959,81.4676228482827
695.0,75.0959,81.28426659125569
695.0,75.0959,81.28426659125569
696.01,75.0959,81.09825560690658
696.01,75.0959,81.09825560690658
697.0,75.0959,80.91512892344703
697.0,75.0959,80.91512892344703
698.0,75.0959,80.72935118657117
698.0,75.0959,80.72935118657117
700.02,75.0959,80.35163133159162
700.02,75.0959,80.35163133159162
701.01,75.0959,80.16531871763787
701.01,75.0959,80.16531871763787
703.0,75.0959,79.78844767128429
703.0,74.77359999999999,79.78844767128429
704.0,74.77359999999999,79.59787711237593
704.0,75.0959,79.59787711237593
705.01,74.77359999999999,79.40459672004924
705.01,74.77359999999999,79.40459672004924
706.04,74.77359999999999,79.20665873022492
706.04,74.77359999999999,79.20665873022492
707.1,74.77359999999999,79.00208235788422
707.1,74.77359999999999,79.00208235788422
709.04,74.77359999999999,78.62538256397401
709.04,74.77359999999999,78.62538256397401
710.05,74.77359999999999,78.42809898883966
710.05,74.77359999999999,78.42809898883966
712.0,74.77359999999999,78.04495400029495
712.0,74.45129999999999,78.04495400029495
713.0,74.45129999999999,77.84732276088407
713.0,74.45129999999999,77.84732276088407
715.02,74.45129999999999,77.44574644440644
715.02,74.45129999999999,77.44574644440644
716.02,74.45129999999999,77.24578137395729
716.02,74.45129999999999,77.24578137395729
717.03,74.45129999999999,77.0430362872403
717.03,74.45129999999999,77.0430362872403
718.02,74.45129999999999,76.84354682535066
718.02,74.45129999999999,76.84354682535066
719.02,74.45129999999999,76.64128135050129
719.02,74.45129999999999,76.64128135050129
721.04,74.45129999999999,76.23038053871355
721.04,74.45129999999999,76.23038053871355
722.04,74.12899999999999,76.02581762308843
722.04,74.12899999999999,76.02581762308843
724.03,74.12899999999999,75.61648832600719
724.03,74.12899999999999,75.61648832600719
725.03,74.12899999999999,75.4096690839519
725.03,74.12899999999999,75.4096690839519
726.03,74.12899999999999,75.20209931426926
726.03,74.12899999999999,75.20209931426926
727.0,74.12899999999999,75.00004150010334
727.0,74.12899999999999,75.00004150010334
728.09,73.80669999999999,74.77214889601898
728.09,73.80669999999999,74.77214889601898
730.0,73.80669999999999,74.37068370205469
730.0,73.80669999999999,74.37068370205469
731.01,73.80669999999999,74.15729818235789
731.01,73.80669999999999,74.15729818235789
732.0,73.80669999999999,73.94740742203452
732.0,73.80669999999999,73.94740742203452
733.0,73.80669999999999,73.73466426567848
733.0,73.80669999999999,73.73466426567848
734.01,73.80669999999999,73.51904878354047
734.01,73.80669999999999,73.51904878354047
736.05,73.4844,73.08127413047941
736.05,73.4844,73.08127413047941
737.0,73.4844,72.87637435475725
737.0,73.4844,72.87637435475725
739.0,73.4844,72.44286895135347
739.0,73.4844,72.44286895135347
740.0,73.4844,72.22503366915565
740.0,73.4844,72.22503366915565
741.0,73.4844,72.00647955495907
741.0,73.4844,72.00647955495907
742.01,73.4844,71.78501246451209
742.01,73.4844,71.78501246451209
743.05,73.4844,71.55620556050563
743.05,73.1621,71.55620556050563
745.0,73.1621,71.12511838898867
745.0,73.1621,71.12511838898867
746.07,73.1621,70.88742834660192
746.07,73.1621,70.88742834660192
748.01,72.8398,70.45441828087195
748.01,72.8398,70.45441828087195
749.02,72.8398,70.22793955087933
749.02,72.8398,70.22793955087933
750.05,72.8398,69.99624178651051
750.05,72.8398,69.99624178651051
751.08,72.8398,69.76380494665398
751.08,72.8398,69.76380494665398
752.04,72.8398,69.54650150515565
752.04,72.8398,69.54650150515565
754.04,72.5175,69.09173948715738
754.04,72.8398,69.09173948715738
755.01,72.5175,68.87018826585192
755.01,72.8398,68.87018826585192
757.01,72.5175,68.41134818503407
757.01,72.5175,68.41134818503407
758.05,72.5175,68.17167385810507
758.05,72.5175,68.17167385810507
760.05,72.1952,67.70870131870458
760.05,72.1952,67.70870131870458
761.02,72.1952,67.48318780203174
761.02,72.1952,67.48318780203174
763.0,72.1952,67.02090200497406
763.0,72.1952,67.02090200497406
764.02,72.1952,66.78173307031776
764.02,71.8729,66.78173307031776
765.0,72.1952,66.55129191554617
765.0,72.1952,66.55129191554617
766.05,71.8729,66.30368482310044
766.05,71.8729,66.30368482310044
767.03,71.8729,66.07192841431797
767.03,71.8729,66.07192841431797
769.0,71.8729,65.60414220003152
769.0,71.55059999999999,65.60414220003152
770.0,71.55059999999999,65.36571652201619
770.0,71.55059999999999,65.36571652201619
771.01,71.55059999999999,65.12424624081403
771.01,71.55059999999999,65.12424624081403
772.0,71.55059999999999,64.88691585501718
772.0,71.55059999999999,64.88691585501718
773.09,71.55059999999999,64.62488071655304
773.09,71.55059999999999,64.62488071655304
775.05,71.22829999999999,64.15177785028396
775.05,71.22829999999999,64.15177785028396
776.0,71.22829999999999,63.92158412695858
776.0,71.22829999999999,63.92158412695858
777.01,71.22829999999999,63.676222199113056
777.01,71.22829999999999,63.676222199113056
778.01,71.22829999999999,63.43265267194762
778.01,71.22829999999999,63.43265267194762
779.1,70.90599999999999,63.166442860370275
779.1,70.90599999999999,63.166442860370275
781.0,70.90599999999999,62.70062352754569
781.0,70.90599999999999,62.70062352754569
782.0,70.90599999999999,62.45454953883313
782.0,70.90599999999999,62.45454953883313
783.01,70.90599999999999,62.205383874027916
783.01,70.90599999999999,62.205383874027916
785.03,70.5837,61.7051604190919
785.03,70.5837,61.7051604190919
786.0,70.5837,61.46406227172216
786.0,70.5837,61.46406227172216
787.01,70.5837,61.212410295301154
787.01,70.5837,61.212410295301154
788.08,70.2614,60.945130804039984
788.08,70.5837,60.945130804039984
789.04,70.2614,60.70473751601044
789.04,70.2614,60.70473751601044
791.0,70.2614,60.21220803054771
791.0,70.2614,60.21220803054771
792.01,69.9391,59.95750456340628
792.01,69.9391,59.95750456340628
793.0,69.9391,59.70725394274841
793.0,69.9391,59.70725394274841
794.08,69.9391,59.43358910126212
794.08,69.9391,59.43358910126212
795.02,69.9391,59.19483762806264
795.02,69.9391,59.19483762806264
797.0,69.6168,58.69023502217525
797.0,69.6168,58.69023502217525
798.04,69.6168,58.424272670475666
798.04,69.6168,58.424272670475666
800.01,69.6168,57.9187569515006
800.01,69.6168,57.9187569515006
801.03,69.2945,57.65613759066858
801.03,69.2945,57.65613759066858
802.01,69.2945,57.40325463886178
802.01,69.2945,57.40325463886178
803.07,69.2945,57.129110548391935
803.07,69.2945,57.129110548391935
804.07,69.2945,56.869898350033196
804.07,69.2945,56.869898350033196
807.0,68.9722,56.107157430971135
807.0,68.9722,56.107157430971135
808.01,68.9722,55.84311870192445
808.01,68.9722,55.84311870192445
809.02,68.64989999999999,55.578513013356115
809.02,68.64989999999999,55.578513013356115
810.0,68.64989999999999,55.32122749313479
810.0,68.64989999999999,55.32122749313479
811.03,68.64989999999999,55.05024525843367
811.03,68.64989999999999,55.05024525843367
813.02,68.32759999999999,54.525053204977866
813.02,68.32759999999999,54.525053204977866
814.04,68.32759999999999,54.25502493048786
814.04,68.32759999999999,54.25502493048786
816.04,68.32759999999999,53.723929583450044
816.04,68.32759999999999,53.723929583450044
817.03,68.00529999999999,53.460244690705494
817.03,68.00529999999999,53.460244690705494
818.0,68.00529999999999,53.20138096079909
818.0,68.00529999999999,53.20138096079909
819.01,67.68299999999999,52.93131303045108
819.01,68.00529999999999,52.93131303045108
820.04,67.68299999999999,52.65534377454445
820.04,67.68299999999999,52.65534377454445
821.01,67.68299999999999,52.39494200636485
821.01,67.68299999999999,52.39494200636485
823.0,67.68299999999999,51.85918254665868
823.0,67.3607,51.85918254665868
824.04,67.3607,51.57837308893919
824.04,67.3607,51.57837308893919
826.01,67.3607,51.044935664867396
826.01,67.3607,51.044935664867396
827.05,67.3607,50.76252754706489
827.05,67.0384,50.76252754706489
829.01,67.0384,50.228813950022946
829.01,67.0384,50.228813950022946
830.0,66.7161,49.95850284735626
830.0,67.0384,49.95850284735626
831.0,66.7161,49.684966604087975
831.0,66.7161,49.684966604087975
832.01,66.7161,49.40819306728734
832.01,66.7161,49.40819306728734
833.01,66.7161,49.1336656511852
833.01,66.7161,49.1336656511852
835.0,66.3938,48.58590394757081
835.0,66.3938,48.58590394757081
836.0,66.3938,48.30992253585544
836.0,66.3938,48.30992253585544
837.01,66.0715,48.030693270331156
837.01,66.0715,48.030693270331156
838.01,66.0715,47.7537482179215
838.01,66.0715,47.7537482179215
839.08,66.0715,47.45689073726609
839.08,66.0715,47.45689073726609
841.02,65.7492,46.91728645678025
841.02,65.7492,46.91728645678025
842.05,65.7492,46.63008001203495
842.05,65.7492,46.63008001203495
844.03,65.42689999999999,46.07659408923562
844.03,65.42689999999999,46.07659408923562
845.08,65.42689999999999,45.782347959737606
845.08,65.42689999999999,45.782347959737606
847.0,65.10459999999999,45.243001036162624
847.0,65.10459999999999,45.243001036162624
848.05,65.10459999999999,44.94734230953748
848.05,65.10459999999999,44.94734230953748
849.0,65.10459999999999,44.67941648925501
849.0,65.10459999999999,44.67941648925501
850.02,64.78229999999999,44.39130206274079
850.02,64.78229999999999,44.39130206274079
851.0,64.78229999999999,44.1140532286403
851.0,64.78229999999999,44.1140532286403
853.0,64.46,43.54693376176071
853.0,64.78229999999999,43.54693376176071
854.0,64.46,43.262722503689346
854.0,64.46,43.262722503689346
856.0,64.46,42.69301108156105
856.0,64.1377,42.69301108156105
857.03,64.1377,42.39894521768067
857.03,64.1377,42.39894521768067
859.0,64.1377,41.835264241292045
859.0,63.8154,41.835264241292045
860.01,63.8154,41.54564246967654
860.01,63.8154,41.54564246967654
861.01,63.8154,41.25847267322798
861.01,63.8154,41.25847267322798
862.0,63.8154,40.97377007229292
862.0,63.4931,40.97377007229292
863.02,63.4931,40.68002211498416
863.02,63.4931,40.68002211498416
865.03,63.17079999999999,40.09993582587511
865.03,63.17079999999999,40.09993582587511
866.05,63.17079999999999,39.8049454819108
866.05,63.17079999999999,39.8049454819108
868.01,62.848499999999994,39.23694696727162
868.01,62.848499999999994,39.23694696727162
869.03,62.848499999999994,38.94076102836975
869.03,62.848499999999994,38.94076102836975
870.0,62.848499999999994,38.65871990356088
870.0,62.848499999999994,38.65871990356088
871.0,62.526199999999996,38.367576899722074
871.0,62.526199999999996,38.367576899722074
872.0,62.526199999999996,38.07605203601291
872.0,62.526199999999996,38.07605203601291
874.0,62.526199999999996,37.49186833855967
874.0,62.2039,37.49186833855967
875.0,62.2039,37.199215319003684
875.0,62.2039,37.199215319003684
877.02,61.88159999999999,36.60692996370784
877.02,62.2039,36.60692996370784
878.06,61.88159999999999,36.3014097185044
878.06,61.88159999999999,36.3014097185044
880.0,61.55929999999999,35.73045512988809
880.0,61.55929999999999,35.73045512988809
881.0,61.55929999999999,35.43562453916033
881.0,61.55929999999999,35.43562453916033
882.01,61.236999999999995,35.1374876655289
882.01,61.236999999999995,35.1374876655289
883.04,61.236999999999995,34.83307970475654
883.04,61.236999999999995,34.83307970475654
884.07,61.236999999999995,34.52830394887527
884.07,61.236999999999995,34.52830394887527
886.04,60.914699999999996,33.94437057605468
886.04,60.914699999999996,33.94437057605468
887.01,60.914699999999996,33.656366957842096
887.01,60.914699999999996,33.656366957842096
888.0,60.5924,33.36210015119104
888.0,60.914699999999996,33.36210015119104
889.01,60.5924,33.06155321807067
889.01,60.5924,33.06155321807067
890.0,60.27009999999999,32.76663192955633
890.0,60.5924,32.76663192955633
892.0,60.27009999999999,32.16985924913669
892.0,60.27009999999999,32.16985924913669
893.07,59.947799999999994,31.8500584791717
893.07,60.27009999999999,31.8500584791717
895.04,59.947799999999994,31.260319878279
895.04,59.947799999999994,31.260319878279
896.06,59.625499999999995,30.95449711652913
896.06,59.625499999999995,30.95449711652913
898.01,59.625499999999995,30.36894651343941
898.01,59.3032,30.36894651343941
899.01,59.3032,30.06821693436137
899.01,59.3032,30.06821693436137
900.03,58.9809,29.76116448757869
900.03,59.3032,29.76116448757869
901.01,58.9809,29.465862995033344
901.01,59.3032,29.465862995033344
902.01,58.9809,29.16424462981394
902.01,58.9809,29.16424462981394
903.01,58.9809,28.862336002462506
903.01,58.9809,28.862336002462506
906.01,58.336299999999994,27.954898609853355
906.01,58.65859999999999,27.954898609853355
907.0,58.336299999999994,27.65489077369828
907.0,58.336299999999994,27.65489077369828
908.02,58.336299999999994,27.345509673372497
908.02,58.336299999999994,27.345509673372497
909.04,58.013999999999996,27.03584541689609
909.04,58.013999999999996,27.03584541689609
910.04,58.013999999999996,26.73198121857246
910.04,58.013999999999996,26.73198121857246
912.03,57.6917,26.12650290983837
912.03,57.6917,26.12650290983837
913.0,57.6917,25.83099549125739
913.0,57.6917,25.83099549125739
914.0,57.3694,25.526095466760946
914.0,57.3694,25.526095466760946
915.0,57.3694,25.22094138943412
915.0,57.3694,25.22094138943412
916.01,57.04709999999999,24.912480988097517
916.01,57.3694,24.912480988097517
919.02,56.724799999999995,23.99172008687092
919.02,56.724799999999995,23.99172008687092
920.01,56.724799999999995,23.68840161238924
920.01,56.724799999999995,23.68840161238924
921.0,56.402499999999996,23.38485206671683
921.0,56.724799999999995,23.38485206671683
922.03,56.402499999999996,23.068795814053775
922.03,56.402499999999996,23.068795814053775
923.0,56.402499999999996,22.77092783771414
923.0,56.402499999999996,22.77092783771414
924.02,56.0802,22.457475885325902
924.02,56.0802,22.457475885325902
925.07,56.0802,22.134561889608882
925.07,56.0802,22.134561889608882
927.04,55.75789999999999,21.528061200012655
927.04,55.75789999999999,21.528061200012655
928.0,55.435599999999994,21.232204775459063
928.0,55.75789999999999,21.232204775459063
929.0,55.435599999999994,20.923813949161897
929.0,55.435599999999994,20.923813949161897
930.0,55.435599999999994,20.615214875028233
930.0,55.435599999999994,20.615214875028233
931.0,55.113299999999995,20.306410624443096
931.0,55.113299999999995,20.306410624443096
933.0,54.791,19.68819888963851
933.0,55.113299999999995,19.68819888963851
934.01,54.791,19.375702565832515
934.01,54.791,19.375702565832515
936.0,54.4687,18.759419364453326
936.0,54.4687,18.759419364453326
937.0,54.4687,18.44944866645853
937.0,54.4687,18.44944866645853
938.0,54.14639999999999,18.139294347170857
938.0,54.14639999999999,18.139294347170857
939.04,54.14639999999999,17.81654238786939
939.04,54.14639999999999,17.81654238786939
940.05,53.824099999999994,17.5029169764707
940.05,53.824099999999994,17.5029169764707
942.0,53.824099999999994,16.89690262113691
942.0,53.824099999999994,16.89690262113691
943.07,53.501799999999996,16.56409848974542
943.07,53.501799999999996,16.56409848974542
945.03,53.1795,15.953989170769859
945.03,53.1795,15.953989170769859
946.03,53.1795,15.642472436854508
946.03,53.1795,15.642472436854508
948.04,52.8572,15.015856007802233
948.04,52.8572,15.015856007802233
949.0,52.8572,14.716361917871632
949.0,52.8572,14.716361917871632
950.0,52.53489999999999,14.40424541033701
950.0,52.53489999999999,14.40424541033701
951.01,52.53489999999999,14.088862229946702
951.01,52.53489999999999,14.088862229946702
952.0,52.212599999999995,13.779585420940387
952.0,52.212599999999995,13.779585420940387
953.07,52.212599999999995,13.445165491915906
953.07,52.212599999999995,13.445165491915906
954.01,51.890299999999996,13.151249478868971
954.01,52.212599999999995,13.151249478868971
956.04,51.568,12.516124796554687
956.04,51.890299999999996,12.516124796554687
957.0,51.568,12.215589891439274
957.0,51.568,12.215589891439274
959.03,51.2457,11.579718193625977
959.03,51.2457,11.579718193625977
960.0,51.2457,11.275708732224961
960.0,51.2457,11.275708732224961
961.02,50.923399999999994,10.955914837252937
961.02,50.923399999999994,10.955914837252937
962.06,50.923399999999994,10.629733691737885
962.06,50.923399999999994,10.629733691737885
963.01,50.601099999999995,10.331679670196642
963.01,50.923399999999994,10.331679670196642
964.04,50.601099999999995,10.008421594035099
964.04,50.601099999999995,10.008421594035099
966.04,50.2788,9.380437250523954
966.04,50.2788,9.380437250523954
967.04,50.2788,9.066303475389123
967.04,50.2788,9.066303475389123
969.03,49.9565,8.440911882743391
969.03,49.9565,8.440911882743391
970.02,49.63419999999999,8.129661961339323
970.02,49.63419999999999,8.129661961339323
972.03,49.311899999999994,7.497489561917833
972.03,49.311899999999994,7.497489561917833
973.03,49.311899999999994,7.182862040951211
973.03,49.311899999999994,7.182862040951211
974.04,48.989599999999996,6.865015690804624
974.04,48.989599999999996,6.865015690804624
975.04,48.989599999999996,6.550247656861856
975.04,48.989599999999996,6.550247656861856
976.08,48.989599999999996,6.222819789716917
976.08,48.6673,6.222819789716917
978.0,48.6673,5.618164195074529
978.0,48.6673,5.618164195074529
979.04,48.345,5.290554933863492
979.04,48.345,5.290554933863492
980.0,48.02269999999999,4.9880957558391605
980.0,48.02269999999999,4.9880957558391605
981.06,48.02269999999999,4.654077375545757
981.06,48.02269999999999,4.654077375545757
982.02,48.02269999999999,4.35152514947771
982.02,48.02269999999999,4.35152514947771
984.02,47.700399999999995,3.721083035379219
984.02,47.700399999999995,3.721083035379219
985.0,47.378099999999996,3.4121107637138763
985.0,47.378099999999996,3.4121107637138763
986.01,47.378099999999996,3.09364606102102
986.01,47.378099999999996,3.09364606102102
987.01,47.378099999999996,2.7783035196915096
987.01,47.0558,2.7783035196915096
988.01,47.0558,2.462933326821104
988.01,47.0558,2.462933326821104
990.0,46.7335,1.8352767980909652
990.0,46.7335,1.8352767980909652
991.03,46.411199999999994,1.510379377202156
991.03,46.7335,1.510379377202156
992.04,46.411199999999994,1.1917751362512214
992.04,46.411199999999994,1.1917751362512214
993.0,46.411199999999994,0.8889321169066267
993.0,46.088899999999995,0.8889321169066267
994.0,46.088899999999995,0.5734620091442737
994.0,46.088899999999995,0.5734620091442737
996.0,45.7666,0.0
996.0,45.7666,0.0
997.0,45.7666,0.0
997.0,45.7666,0.0
998.0,45.4443,0.0
998.0,45.4443,0.0
999.02,45.4443,0.0
999.02,45.4443,0.0
1000.0,45.122,0.0
1000.0,45.122,0.0
