Time,T1,Q1
0.0,20.6272,0.0
0.0,20.949499999999997,0.0
3.05,20.949499999999997,0.0015249999999408903
3.05,20.949499999999997,0.0015249999999408903
4.0,20.949499999999997,0.0019999999998666666
4.0,20.949499999999997,0.0019999999998666666
6.07,20.949499999999997,0.003034999999534066
6.07,20.949499999999997,0.003034999999534066
7.04,20.949499999999997,0.0035199999992730968
7.04,20.6272,0.0035199999992730968
8.0,20.6272,0.003999999998933333
8.0,20.949499999999997,0.003999999998933333
9.03,20.949499999999997,0.004514999998466012
9.03,20.949499999999997,0.004514999998466012
10.09,20.949499999999997,0.00504499999785991
10.09,20.949499999999997,0.00504499999785991
12.04,20.949499999999997,0.00601999999636388
12.04,20.6272,0.00601999999636388
13.01,20.949499999999997,0.006504999995412347
13.01,20.949499999999997,0.006504999995412347
14.06,20.949499999999997,0.007029999994209519
14.06,20.949499999999997,0.007029999994209519
15.01,20.6272,0.007504999992954679
15.01,20.6272,0.007504999992954679
16.08,20.949499999999997,0.008039999991338026
16.08,20.949499999999997,0.008039999991338026
18.0,20.949499999999997,0.00899999998785
18.0,20.949499999999997,0.00899999998785
19.07,20.949499999999997,0.009534999985551898
19.07,20.949499999999997,0.009534999985551898
21.01,20.6272,0.010504999980678676
21.01,20.949499999999997,0.010504999980678676
22.01,20.949499999999997,0.011004999977786404
22.01,20.949499999999997,0.011004999977786404
24.06,20.949499999999997,0.01202999997098346
24.06,20.949499999999997,0.01202999997098346
25.01,20.949499999999997,0.012504999967408843
25.01,20.949499999999997,0.012504999967408843
27.05,20.949499999999997,0.013524999958765516
27.05,20.6272,0.013524999958765516
28.02,20.949499999999997,0.014009999954168599
28.02,20.949499999999997,0.014009999954168599
29.04,20.949499999999997,0.014519999948979043
29.04,20.949499999999997,0.014519999948979043
30.06,20.949499999999997,0.015029999943411823
30.06,20.949499999999997,0.015029999943411823
31.03,20.949499999999997,0.01551499993775506
31.03,20.949499999999997,0.01551499993775506
33.01,20.949499999999997,0.016504999925063164
33.01,20.949499999999997,0.016504999925063164
34.01,20.949499999999997,0.017004999918044397
34.01,20.949499999999997,0.017004999918044397
36.05,20.949499999999997,0.018024999902394437
36.05,20.949499999999997,0.018024999902394437
37.04,20.949499999999997,0.0185199998941303
37.04,20.949499999999997,0.0185199998941303
39.03,20.949499999999997,0.019514999876133348
39.03,20.949499999999997,0.019514999876133348
40.01,20.949499999999997,0.020004999866566644
40.01,20.949499999999997,0.020004999866566644
42.07,20.949499999999997,0.021034999844876966
42.07,20.949499999999997,0.021034999844876966
43.0,20.949499999999997,0.02149999983436042
43.0,20.949499999999997,0.02149999983436042
45.02,20.949499999999997,0.022509999809903015
45.02,20.949499999999997,0.022509999809903015
46.06,20.949499999999997,0.023029999796422135
46.06,20.949499999999997,0.023029999796422135
48.0,20.949499999999997,0.023999999769600006
48.0,20.949499999999997,0.023999999769600006
49.0,20.949499999999997,0.02449999975489792
49.0,20.949499999999997,0.02449999975489792
50.0,20.949499999999997,0.024999999739583334
50.0,20.949499999999997,0.024999999739583334
51.01,20.949499999999997,0.025504999723481157
51.01,20.949499999999997,0.025504999723481157
52.05,20.949499999999997,0.026024999706220856
52.05,20.949499999999997,0.026024999706220856
54.05,20.949499999999997,0.027024999671037907
54.05,20.949499999999997,0.027024999671037907
55.06,20.6272,0.02752999965224981
55.06,20.949499999999997,0.02752999965224981
57.04,20.949499999999997,0.02851999961336843
57.04,20.949499999999997,0.02851999961336843
58.05,20.949499999999997,0.029024999592464514
58.05,20.949499999999997,0.029024999592464514
59.03,20.949499999999997,0.029514999571474073
59.03,20.949499999999997,0.029514999571474073
60.08,20.949499999999997,0.030039999548197607
60.08,20.949499999999997,0.030039999548197607
61.03,20.949499999999997,0.03051499952642489
61.03,20.949499999999997,0.03051499952642489
63.0,20.949499999999997,0.03149999947906875
63.0,20.949499999999997,0.03149999947906875
64.02,20.949499999999997,0.03200999945335451
64.02,20.949499999999997,0.03200999945335451
65.01,20.949499999999997,0.03250499942760049
65.01,20.949499999999997,0.03250499942760049
67.06,20.6272,0.03352999937172554
67.06,20.949499999999997,0.03352999937172554
68.02,20.949499999999997,0.03400999934435517
68.02,20.949499999999997,0.03400999934435517
70.02,20.949499999999997,0.035009999284804
70.02,20.949499999999997,0.035009999284804
71.07,20.949499999999997,0.03553499925214447
71.07,20.949499999999997,0.03553499925214447
72.0,20.6272,0.035999999222400006
72.0,20.949499999999997,0.035999999222400006
73.01,20.949499999999997,0.03650499918921482
73.01,20.949499999999997,0.03650499918921482
74.05,20.949499999999997,0.03702499915407094
74.05,20.949499999999997,0.03702499915407094
76.03,20.949499999999997,0.03801499908438325
76.03,20.949499999999997,0.03801499908438325
77.03,20.949499999999997,0.03851499904777747
77.03,20.949499999999997,0.03851499904777747
79.0,20.949499999999997,0.039499998972835425
79.0,20.949499999999997,0.039499998972835425
80.05,20.949499999999997,0.040024998931332094
80.05,20.949499999999997,0.040024998931332094
81.01,20.6272,0.04050499889242115
81.01,20.949499999999997,0.04050499889242115
82.03,20.949499999999997,0.04101499885005547
82.03,20.949499999999997,0.04101499885005547
83.01,20.949499999999997,0.04150499880834648
83.01,20.949499999999997,0.04150499880834648
85.0,20.949499999999997,0.04249999872057293
85.0,20.949499999999997,0.04249999872057293
86.0,20.949499999999997,0.04299999867488335
86.0,20.949499999999997,0.04299999867488335
87.0,20.949499999999997,0.04349999862811877
87.0,20.949499999999997,0.04349999862811877
88.02,20.949499999999997,0.044009998579298465
88.02,20.949499999999997,0.044009998579298465
89.09,20.949499999999997,0.044544998526854535
89.09,20.949499999999997,0.044544998526854535
91.05,20.949499999999997,0.0455249984274712
91.05,20.949499999999997,0.0455249984274712
92.04,20.949499999999997,0.04601999837561644
92.04,20.949499999999997,0.04601999837561644
93.01,20.6272,0.04650499832371566
93.01,20.949499999999997,0.04650499832371566
94.06,20.949499999999997,0.047029998266301075
94.06,20.6272,0.047029998266301075
95.08,20.949499999999997,0.047539998209285804
95.08,20.949499999999997,0.047539998209285804
97.0,20.949499999999997,0.048499998098597945
97.0,20.949499999999997,0.048499998098597945
98.0,20.949499999999997,0.04899999803918337
98.0,20.949499999999997,0.04899999803918337
100.02,20.949499999999997,0.05000999791541645
100.02,20.949499999999997,0.05000999791541645
101.02,20.949499999999997,0.05050999785226423
101.02,20.949499999999997,0.05050999785226423
103.05,20.949499999999997,0.05152499772016852
103.05,20.949499999999997,0.05152499772016852
104.03,20.949499999999997,0.052014997654504784
104.03,20.949499999999997,0.052014997654504784
106.02,20.949499999999997,0.05300999751731193
106.02,20.949499999999997,0.05300999751731193
107.02,20.949499999999997,0.053509997446395736
107.02,20.949499999999997,0.053509997446395736
108.01,20.949499999999997,0.054004997374870974
108.01,20.6272,0.054004997374870974
109.02,20.949499999999997,0.054509997300537565
109.02,20.949499999999997,0.054509997300537565
110.06,20.949499999999997,0.05502999722254341
110.06,20.6272,0.05502999722254341
112.01,20.6272,0.05600499707228265
112.01,20.949499999999997,0.05600499707228265
113.02,20.949499999999997,0.05650999699236823
113.02,20.949499999999997,0.05650999699236823
115.04,20.949499999999997,0.05751999682820308
115.04,20.949499999999997,0.05751999682820308
116.01,20.949499999999997,0.05800499674729232
116.01,20.949499999999997,0.05800499674729232
118.01,20.949499999999997,0.05900499657614641
118.01,20.949499999999997,0.05900499657614641
119.04,20.949499999999997,0.05951999648571071
119.04,20.949499999999997,0.05951999648571071
121.03,20.949499999999997,0.060514996306502124
121.03,20.949499999999997,0.060514996306502124
122.07,20.949499999999997,0.06103499621046793
122.07,20.949499999999997,0.06103499621046793
124.04,20.949499999999997,0.062019996024021515
124.04,20.949499999999997,0.062019996024021515
125.04,20.949499999999997,0.06251999592708217
125.04,20.949499999999997,0.06251999592708217
126.01,20.949499999999997,0.06300499583155776
126.01,20.949499999999997,0.06300499583155776
127.12,20.949499999999997,0.06355999572042732
127.12,20.949499999999997,0.06355999572042732
128.04,20.949499999999997,0.06401999562683615
128.04,20.949499999999997,0.06401999562683615
130.05,20.949499999999997,0.0650249954176335
130.05,20.949499999999997,0.0650249954176335
131.05,20.949499999999997,0.06552499531111233
131.05,20.949499999999997,0.06552499531111233
133.03,20.949499999999997,0.0665149950953556
133.03,20.949499999999997,0.0665149950953556
134.03,20.949499999999997,0.06701499498391596
134.03,20.949499999999997,0.06701499498391596
136.01,20.6272,0.0680049947583107
136.01,20.949499999999997,0.0680049947583107
137.03,20.949499999999997,0.06851499463949476
137.03,20.949499999999997,0.06851499463949476
138.02,20.949499999999997,0.0690099945224693
138.02,20.949499999999997,0.0690099945224693
139.01,20.949499999999997,0.0695049944037529
139.01,20.949499999999997,0.0695049944037529
140.05,20.949499999999997,0.0700249942772063
140.05,20.949499999999997,0.0700249942772063
142.03,20.949499999999997,0.07101499403103528
142.03,20.949499999999997,0.07101499403103528
143.03,20.949499999999997,0.07151499390406726
143.03,20.949499999999997,0.07151499390406726
145.05,20.949499999999997,0.07252499364212552
145.05,20.949499999999997,0.07252499364212552
146.05,20.949499999999997,0.07302499350971998
146.05,20.949499999999997,0.07302499350971998
148.05,20.949499999999997,0.07402499323941955
148.05,20.949499999999997,0.07402499323941955
149.05,20.6272,0.07452499310149964
149.05,20.949499999999997,0.07452499310149964
150.0,20.949499999999997,0.0749999929687502
150.0,20.949499999999997,0.0749999929687502
151.03,20.949499999999997,0.0755149928229096
151.03,20.6272,0.0755149928229096
152.08,20.949499999999997,0.07603999267217548
152.08,20.949499999999997,0.07603999267217548
154.02,20.6272,0.07700999238815202
154.02,20.949499999999997,0.07700999238815202
155.02,20.949499999999997,0.07750999223892381
155.02,20.949499999999997,0.07750999223892381
157.07,20.949499999999997,0.07853499192693442
157.07,20.949499999999997,0.07853499192693442
158.09,20.949499999999997,0.07904499176863335
158.09,20.949499999999997,0.07904499176863335
160.03,20.949499999999997,0.08001499146186605
160.03,20.949499999999997,0.08001499146186605
161.03,20.949499999999997,0.08051499130080378
161.03,20.949499999999997,0.08051499130080378
163.05,20.949499999999997,0.08152499096930538
163.05,20.949499999999997,0.08152499096930538
164.03,20.949499999999997,0.08201499080548973
164.03,20.949499999999997,0.08201499080548973
166.03,20.949499999999997,0.08301499046504932
166.03,20.949499999999997,0.08301499046504932
167.06,20.949499999999997,0.0835299902864903
167.06,20.949499999999997,0.0835299902864903
169.01,20.6272,0.0845049899423631
169.01,20.949499999999997,0.0845049899423631
170.01,20.949499999999997,0.08500498976277734
170.01,20.949499999999997,0.08500498976277734
172.03,20.949499999999997,0.0860149893935191
172.03,20.949499999999997,0.0860149893935191
173.01,20.949499999999997,0.08650498921121931
173.01,20.949499999999997,0.08650498921121931
174.0,20.949499999999997,0.08699998902495043
174.0,20.949499999999997,0.08699998902495043
175.01,20.949499999999997,0.08750498883272168
175.01,20.949499999999997,0.08750498883272168
176.02,20.949499999999997,0.08800998863826134
176.02,20.949499999999997,0.08800998863826134
178.05,20.949499999999997,0.08902498824061311
178.05,20.949499999999997,0.08902498824061311
179.05,20.949499999999997,0.08952498804136196
179.05,20.949499999999997,0.08952498804136196
180.01,20.949499999999997,0.09000498784797538
180.01,20.949499999999997,0.09000498784797538
181.04,20.949499999999997,0.09051998763818137
181.04,20.6272,0.09051998763818137
182.05,20.949499999999997,0.09102498743012977
182.05,20.949499999999997,0.09102498743012977
184.06,20.949499999999997,0.09202998700916709
184.06,20.949499999999997,0.09202998700916709
185.06,20.6272,0.09252998679627662
185.06,20.949499999999997,0.09252998679627662
187.04,20.949499999999997,0.0935199863679169
187.04,20.949499999999997,0.0935199863679169
188.04,20.949499999999997,0.09401998614809608
188.04,20.949499999999997,0.09401998614809608
190.05,20.949499999999997,0.0950249856991331
190.05,20.949499999999997,0.0950249856991331
191.08,20.949499999999997,0.09553998546535462
191.08,20.949499999999997,0.09553998546535462
193.03,20.949499999999997,0.09651498501581336
193.03,20.949499999999997,0.09651498501581336
194.05,20.949499999999997,0.09702498477701978
194.05,20.949499999999997,0.09702498477701978
196.04,20.949499999999997,0.09801998430386148
196.04,20.949499999999997,0.09801998430386148
197.04,20.949499999999997,0.09851998406243616
197.04,20.6272,0.09851998406243616
198.0,20.949499999999997,0.0989999838283508
198.0,20.949499999999997,0.0989999838283508
199.06,20.949499999999997,0.09952998356723139
199.06,20.949499999999997,0.09952998356723139
200.07,20.949499999999997,0.10003498331582807
200.07,20.949499999999997,0.10003498331582807
202.03,20.949499999999997,0.10101498282066566
202.03,20.949499999999997,0.10101498282066566
203.03,20.949499999999997,0.10151498256430015
203.03,20.949499999999997,0.10151498256430015
204.0,20.949499999999997,0.10199998231320093
204.0,20.949499999999997,0.10199998231320093
205.03,20.6272,0.10251498204394303
205.03,20.949499999999997,0.10251498204394303
206.0,20.949499999999997,0.10299998178788432
206.0,20.949499999999997,0.10299998178788432
208.02,20.949499999999997,0.10400998124685919
208.02,20.949499999999997,0.10400998124685919
209.05,20.949499999999997,0.10452498096691207
209.05,20.949499999999997,0.10452498096691207
210.01,20.949499999999997,0.10500498070349469
210.01,20.949499999999997,0.10500498070349469
211.06,20.949499999999997,0.1055299804126114
211.06,20.949499999999997,0.1055299804126114
212.05,20.949499999999997,0.10602498013568616
212.05,20.949499999999997,0.10602498013568616
214.03,20.949499999999997,0.1070149795740299
214.03,20.6272,0.1070149795740299
215.07,20.949499999999997,0.10753497927482326
215.07,20.949499999999997,0.10753497927482326
217.04,20.949499999999997,0.10851997870007475
217.04,20.6272,0.10851997870007475
218.06,20.949499999999997,0.10902997839835821
218.06,20.949499999999997,0.10902997839835821
219.06,20.949499999999997,0.10952997809980476
219.06,20.949499999999997,0.10952997809980476
220.03,20.949499999999997,0.11001497780759179
220.03,20.949499999999997,0.11001497780759179
221.07,20.949499999999997,0.11053497749141623
221.07,20.949499999999997,0.11053497749141623
223.0,20.949499999999997,0.11149997689673687
223.0,20.949499999999997,0.11149997689673687
224.04,20.949499999999997,0.11201997657198856
224.04,20.949499999999997,0.11201997657198856
226.01,20.949499999999997,0.11300497594852582
226.01,20.949499999999997,0.11300497594852582
227.01,20.949499999999997,0.11350497562785797
227.01,20.949499999999997,0.11350497562785797
229.04,20.949499999999997,0.11451997496816203
229.04,20.949499999999997,0.11451997496816203
230.06,20.949499999999997,0.11502997463224236
230.06,20.949499999999997,0.11502997463224236
231.05,20.949499999999997,0.11552497430334158
231.05,20.949499999999997,0.11552497430334158
232.08,20.949499999999997,0.11603997395814716
232.08,20.949499999999997,0.11603997395814716
233.0,20.949499999999997,0.11649997364721637
233.0,20.949499999999997,0.11649997364721637
235.05,20.949499999999997,0.11752497294550081
235.05,20.949499999999997,0.11752497294550081
236.02,20.949499999999997,0.11800997260917266
236.02,20.949499999999997,0.11800997260917266
238.02,20.949499999999997,0.11900997190693757
238.02,20.949499999999997,0.11900997190693757
239.02,20.949499999999997,0.1195099715513634
239.02,20.949499999999997,0.1195099715513634
241.05,20.949499999999997,0.12052497082034597
241.05,20.949499999999997,0.12052497082034597
242.05,20.949499999999997,0.12102497045568049
242.05,20.949499999999997,0.12102497045568049
244.04,20.949499999999997,0.1220199697209825
244.04,20.949499999999997,0.1220199697209825
245.04,20.949499999999997,0.12251996934723318
245.04,20.949499999999997,0.12251996934723318
246.0,20.949499999999997,0.12299996898555236
246.0,20.6272,0.12299996898555236
247.1,20.949499999999997,0.12354996856764175
247.1,20.949499999999997,0.12354996856764175
248.06,20.949499999999997,0.12402996819986623
248.06,20.949499999999997,0.12402996819986623
250.02,20.949499999999997,0.1250099674401061
250.02,20.949499999999997,0.1250099674401061
251.02,20.949499999999997,0.12550996704785394
251.02,20.949499999999997,0.12550996704785394
253.01,20.949499999999997,0.1265049662579249
253.01,20.949499999999997,0.1265049662579249
254.08,20.949499999999997,0.12703996582801794
254.08,20.949499999999997,0.12703996582801794
256.05,20.949499999999997,0.12802496502698554
256.05,20.949499999999997,0.12802496502698554
257.06,20.949499999999997,0.12852996461149335
257.06,20.949499999999997,0.12852996461149335
259.05,20.949499999999997,0.12952496378324663
259.05,20.6272,0.12952496378324663
260.04,20.949499999999997,0.13001996336643387
260.04,20.949499999999997,0.13001996336643387
262.06,20.949499999999997,0.1310299625060725
262.06,20.949499999999997,0.1310299625060725
263.01,20.949499999999997,0.13150496209683216
263.01,20.949499999999997,0.13150496209683216
264.02,20.949499999999997,0.1320099616584907
264.02,20.6272,0.1320099616584907
265.09,20.6272,0.13254496119043635
265.09,20.949499999999997,0.13254496119043635
266.04,20.949499999999997,0.13301996077169517
266.04,20.6272,0.13301996077169517
268.03,20.949499999999997,0.13401495988480178
268.03,20.949499999999997,0.13401495988480178
269.04,20.949499999999997,0.13451995942960032
269.04,20.949499999999997,0.13451995942960032
271.05,20.949499999999997,0.13552495851348467
271.05,20.949499999999997,0.13552495851348467
272.05,20.949499999999997,0.13602495805261297
272.05,20.949499999999997,0.13602495805261297
273.03,20.949499999999997,0.13651495759765947
273.03,20.949499999999997,0.13651495759765947
274.05,20.949499999999997,0.13702495712065518
274.05,20.949499999999997,0.13702495712065518
275.01,20.949499999999997,0.13750495666845444
275.01,20.949499999999997,0.13750495666845444
277.05,20.949499999999997,0.13852495569699505
277.05,20.949499999999997,0.13852495569699505
278.05,20.949499999999997,0.1390249552155321
278.05,20.6272,0.1390249552155321
280.01,20.949499999999997,0.14000495426177098
280.01,20.949499999999997,0.14000495426177098
281.07,20.949499999999997,0.1405349537403651
281.07,20.949499999999997,0.1405349537403651
282.06,20.949499999999997,0.1410299532498268
282.06,20.949499999999997,0.1410299532498268
283.01,20.949499999999997,0.14150495277585942
283.01,20.949499999999997,0.14150495277585942
284.05,20.949499999999997,0.14202495225332873
284.05,20.949499999999997,0.14202495225332873
286.04,20.949499999999997,0.1430199512427698
286.04,20.949499999999997,0.1430199512427698
287.04,20.949499999999997,0.14351995072961204
287.04,20.949499999999997,0.14351995072961204
289.05,20.949499999999997,0.14452494968729834
289.05,20.949499999999997,0.14452494968729834
290.05,20.949499999999997,0.1450249491633029
290.05,20.949499999999997,0.1450249491633029
292.0,20.949499999999997,0.14599994813107223
292.0,20.949499999999997,0.14599994813107223
293.01,20.949499999999997,0.14650494759097946
293.01,20.949499999999997,0.14650494759097946
294.0,20.949499999999997,0.14699994705795574
294.0,20.949499999999997,0.14699994705795574
295.08,20.949499999999997,0.14753994647236693
295.08,20.949499999999997,0.14753994647236693
296.09,20.949499999999997,0.14804494592084028
296.09,20.949499999999997,0.14804494592084028
298.03,20.949499999999997,0.14901494485087036
298.03,20.949499999999997,0.14901494485087036
299.03,20.949499999999997,0.14951494429386894
299.03,20.949499999999997,0.14951494429386894
301.01,20.949499999999997,0.15050494317996663
301.01,20.949499999999997,0.15050494317996663
302.01,20.949499999999997,0.15100494261178943
302.01,20.949499999999997,0.15100494261178943
303.01,20.949499999999997,0.15150494203983716
303.01,20.949499999999997,0.15150494203983716
304.0,20.949499999999997,0.15199994146987342
304.0,20.949499999999997,0.15199994146987342
305.08,20.949499999999997,0.15253994084384678
305.08,20.949499999999997,0.15253994084384678
307.02,20.949499999999997,0.15350993970813565
307.02,20.949499999999997,0.15350993970813565
308.02,20.949499999999997,0.15400993911708177
308.02,20.949499999999997,0.15400993911708177
310.02,20.949499999999997,0.15500993792341083
310.02,20.949499999999997,0.15500993792341083
311.02,20.949499999999997,0.15550993732076876
311.02,20.949499999999997,0.15550993732076876
313.01,20.949499999999997,0.1565049361099325
313.01,20.949499999999997,0.1565049361099325
314.05,20.949499999999997,0.15702493547097515
314.05,20.949499999999997,0.15702493547097515
315.0,20.949499999999997,0.15749993488360187
315.0,20.949499999999997,0.15749993488360187
316.03,20.949499999999997,0.1580149342427501
316.03,20.949499999999997,0.1580149342427501
317.05,20.949499999999997,0.15852493360399017
317.05,20.949499999999997,0.15852493360399017
319.01,20.949499999999997,0.15950493236498375
319.01,20.949499999999997,0.15950493236498375
320.01,20.949499999999997,0.16000493172694188
320.01,20.949499999999997,0.16000493172694188
321.0,20.949499999999997,0.16049993109134014
321.0,20.949499999999997,0.16049993109134014
322.06,20.949499999999997,0.16102993040643696
322.06,20.949499999999997,0.16102993040643696
323.04,20.949499999999997,0.1615199297692008
323.04,20.949499999999997,0.1615199297692008
325.0,20.949499999999997,0.16249992848308237
325.0,20.949499999999997,0.16249992848308237
326.01,20.949499999999997,0.1630049278142505
326.01,20.949499999999997,0.1630049278142505
328.01,20.949499999999997,0.16400492647755235
328.01,20.949499999999997,0.16400492647755235
329.01,20.949499999999997,0.16450492580305937
329.01,20.949499999999997,0.16450492580305937
331.01,20.949499999999997,0.16550492444172302
331.01,20.949499999999997,0.16550492444172302
332.04,20.949499999999997,0.16601992373418453
332.04,20.949499999999997,0.16601992373418453
333.04,20.949499999999997,0.16651992304304136
333.04,20.949499999999997,0.16651992304304136
334.01,20.949499999999997,0.16700492236865505
334.01,20.949499999999997,0.16700492236865505
335.03,20.949499999999997,0.167514921655269
335.03,20.949499999999997,0.167514921655269
337.02,20.949499999999997,0.16850992025091227
337.02,20.949499999999997,0.16850992025091227
338.05,20.949499999999997,0.16902491951748833
338.05,20.949499999999997,0.16902491951748833
340.03,20.949499999999997,0.1700149180950016
340.03,20.949499999999997,0.1700149180950016
341.03,20.949499999999997,0.17051491737024696
341.03,20.949499999999997,0.17051491737024696
343.0,20.949499999999997,0.1714999159299978
343.0,20.949499999999997,0.1714999159299978
344.06,20.949499999999997,0.17202991514816215
344.06,20.949499999999997,0.17202991514816215
346.0,20.949499999999997,0.17299991370472959
346.0,20.949499999999997,0.17299991370472959
347.02,20.949499999999997,0.1735099129392882
347.02,20.949499999999997,0.1735099129392882
349.04,20.949499999999997,0.17451991141008272
349.04,20.949499999999997,0.17451991141008272
350.04,20.949499999999997,0.17501991064646855
350.04,20.949499999999997,0.17501991064646855
352.01,20.949499999999997,0.17600490912933656
352.01,20.949499999999997,0.17600490912933656
353.01,20.949499999999997,0.1765049083526906
353.01,20.949499999999997,0.1765049083526906
355.01,20.949499999999997,0.17750490678614833
355.01,20.949499999999997,0.17750490678614833
356.03,20.949499999999997,0.17801490598038325
356.03,20.949499999999997,0.17801490598038325
358.03,20.949499999999997,0.17901490438699924
358.03,20.949499999999997,0.17901490438699924
359.06,20.949499999999997,0.1795299035594292
359.06,20.949499999999997,0.1795299035594292
361.02,20.949499999999997,0.18050990197147287
361.02,20.949499999999997,0.18050990197147287
362.04,20.949499999999997,0.18101990113823493
362.04,20.949499999999997,0.18101990113823493
363.0,20.949499999999997,0.18149990034971017
363.0,20.949499999999997,0.18149990034971017
364.05,20.949499999999997,0.18202489948247266
364.05,20.949499999999997,0.18202489948247266
365.0,20.949499999999997,0.18249989869350647
365.0,20.949499999999997,0.18249989869350647
367.04,20.949499999999997,0.18351989698537685
367.04,20.949499999999997,0.18351989698537685
368.01,20.949499999999997,0.18400489616648671
368.01,20.949499999999997,0.18400489616648671
370.02,20.949499999999997,0.18500989445582133
370.02,20.949499999999997,0.18500989445582133
371.02,20.949499999999997,0.18550989359778935
371.02,20.949499999999997,0.18550989359778935
373.06,20.949499999999997,0.18652989183300997
373.06,20.949499999999997,0.18652989183300997
374.06,20.949499999999997,0.1870298909608405
374.06,20.949499999999997,0.1870298909608405
376.04,20.949499999999997,0.18801988922013851
376.04,20.949499999999997,0.18801988922013851
377.04,20.949499999999997,0.18851988833399844
377.04,20.949499999999997,0.18851988833399844
379.01,20.949499999999997,0.189504886574503
379.01,20.949499999999997,0.189504886574503
380.01,20.949499999999997,0.19000488567432874
380.01,20.949499999999997,0.19000488567432874
381.0,20.949499999999997,0.19049988477847718
381.0,20.949499999999997,0.19049988477847718
382.01,20.949499999999997,0.1910048838597174
382.01,20.949499999999997,0.1910048838597174
383.06,20.949499999999997,0.1915298828994066
383.06,20.949499999999997,0.1915298828994066
385.05,20.949499999999997,0.19252488106489368
385.05,20.949499999999997,0.19252488106489368
386.0,20.949499999999997,0.19299988018240566
386.0,20.949499999999997,0.19299988018240566
388.05,20.949499999999997,0.19402487826323853
388.05,20.949499999999997,0.19402487826323853
389.07,20.949499999999997,0.19453487730074795
389.07,20.949499999999997,0.19453487730074795
391.01,20.949499999999997,0.19550487545615397
391.01,20.949499999999997,0.19550487545615397
392.07,20.949499999999997,0.19603487444051745
392.07,20.949499999999997,0.19603487444051745
394.03,20.949499999999997,0.19701487254803243
394.03,20.949499999999997,0.19701487254803243
395.03,20.949499999999997,0.19751487157519523
395.03,20.949499999999997,0.19751487157519523
397.04,20.949499999999997,0.1985198696048424
397.04,20.949499999999997,0.1985198696048424
398.04,20.949499999999997,0.19901986861710438
398.04,20.949499999999997,0.19901986861710438
399.0,20.949499999999997,0.1994998676641951
399.0,20.949499999999997,0.1994998676641951
400.02,20.949499999999997,0.20000986664669235
400.02,20.949499999999997,0.20000986664669235
401.0,20.949499999999997,0.20049986566419162
401.0,20.949499999999997,0.20049986566419162
402.06,20.949499999999997,0.2010298645960668
402.06,20.949499999999997,0.2010298645960668
403.08,20.949499999999997,0.2015398635629175
403.08,20.949499999999997,0.2015398635629175
405.05,20.949499999999997,0.2025248615526705
405.05,20.949499999999997,0.2025248615526705
406.05,20.949499999999997,0.20302486052472787
406.05,20.949499999999997,0.20302486052472787
408.0,20.949499999999997,0.20399985850562946
408.0,20.949499999999997,0.20399985850562946
409.01,20.949499999999997,0.20450485745222244
409.01,20.949499999999997,0.20450485745222244
410.01,20.949499999999997,0.20500485640410704
410.01,20.949499999999997,0.20500485640410704
411.01,20.949499999999997,0.2055048553508665
411.01,20.949499999999997,0.2055048553508665
412.01,20.949499999999997,0.20600485429248835
412.01,20.949499999999997,0.20600485429248835
414.0,20.949499999999997,0.20699985217098169
414.0,20.949499999999997,0.20699985217098169
415.03,20.949499999999997,0.20751485106487297
415.03,20.949499999999997,0.20751485106487297
416.0,20.949499999999997,0.2079998500181658
416.0,20.949499999999997,0.2079998500181658
417.05,20.949499999999997,0.20852484887961728
417.05,20.949499999999997,0.20852484887961728
418.06,20.949499999999997,0.209029847779019
418.06,20.949499999999997,0.209029847779019
420.05,20.949499999999997,0.2100248455949025
420.05,20.949499999999997,0.2100248455949025
421.05,20.949499999999997,0.21052484448951303
421.05,20.949499999999997,0.21052484448951303
423.02,20.949499999999997,0.21150984229648687
423.02,20.949499999999997,0.21150984229648687
424.02,20.949499999999997,0.21200984117542934
424.02,20.949499999999997,0.21200984117542934
425.0,20.949499999999997,0.2124998400716507
425.0,20.949499999999997,0.2124998400716507
426.11,20.949499999999997,0.21305483881528964
426.11,20.949499999999997,0.21305483881528964
427.06,20.949499999999997,0.21352983773481443
427.06,20.949499999999997,0.21352983773481443
429.0,20.949499999999997,0.21449983551339413
429.0,20.949499999999997,0.21449983551339413
430.01,20.949499999999997,0.21500483434889844
430.01,20.949499999999997,0.21500483434889844
432.03,20.949499999999997,0.21601483200344473
432.03,20.949499999999997,0.21601483200344473
433.02,20.949499999999997,0.2165098308459004
433.02,20.949499999999997,0.2165098308459004
435.02,20.949499999999997,0.2175098284912301
435.02,20.949499999999997,0.2175098284912301
436.06,20.949499999999997,0.2180298272582119
436.06,20.949499999999997,0.2180298272582119
438.05,20.949499999999997,0.21902482488243394
438.05,20.949499999999997,0.21902482488243394
439.05,20.949499999999997,0.21952482368039575
439.05,20.949499999999997,0.21952482368039575
441.05,20.949499999999997,0.22052482125984255
441.05,20.949499999999997,0.22052482125984255
442.03,20.949499999999997,0.22101482006572742
442.03,20.949499999999997,0.22101482006572742
444.05,20.949499999999997,0.22202481758763307
444.05,20.949499999999997,0.22202481758763307
445.07,20.949499999999997,0.22253481632771885
445.07,20.949499999999997,0.22253481632771885
447.04,20.949499999999997,0.22351981387795852
447.04,20.949499999999997,0.22351981387795852
448.02,20.949499999999997,0.22400981265122458
448.02,20.949499999999997,0.22400981265122458
450.02,20.949499999999997,0.22500981013098445
450.02,20.949499999999997,0.22500981013098445
451.02,20.949499999999997,0.22550980886243277
451.02,20.949499999999997,0.22550980886243277
452.0,20.949499999999997,0.2259998076137825
452.0,20.949499999999997,0.2259998076137825
453.04,20.949499999999997,0.22651980628274918
453.04,20.949499999999997,0.22651980628274918
454.0,20.949499999999997,0.2269998050486669
454.0,20.949499999999997,0.2269998050486669
455.03,20.949499999999997,0.22751480371878316
455.03,20.949499999999997,0.22751480371878316
456.05,20.949499999999997,0.22802480239586426
456.05,20.949499999999997,0.22802480239586426
458.03,20.949499999999997,0.22901479981090248
458.03,20.949499999999997,0.22901479981090248
459.03,20.949499999999997,0.2295147984968416
459.03,20.949499999999997,0.2295147984968416
461.04,20.949499999999997,0.230519795838209
461.04,20.949499999999997,0.230519795838209
462.0,20.949499999999997,0.23099979456020484
462.0,20.949499999999997,0.23099979456020484
463.0,20.949499999999997,0.23149979322329087
463.0,20.949499999999997,0.23149979322329087
464.02,20.949499999999997,0.23200979185367623
464.02,20.949499999999997,0.23200979185367623
465.06,20.949499999999997,0.2325297904509931
465.06,20.949499999999997,0.2325297904509931
467.01,20.949499999999997,0.23350478780400408
467.01,20.949499999999997,0.23350478780400408
468.02,20.949499999999997,0.2340097864242793
468.02,20.949499999999997,0.2340097864242793
469.0,20.949499999999997,0.23449978507983205
469.0,20.949499999999997,0.23449978507983205
470.06,20.949499999999997,0.23502978361929502
470.06,20.949499999999997,0.23502978361929502
471.1,20.949499999999997,0.23554978217989914
471.1,20.949499999999997,0.23554978217989914
473.0,20.949499999999997,0.2364997795337763
473.0,20.949499999999997,0.2364997795337763
474.02,20.949499999999997,0.23700977810442664
474.02,20.949499999999997,0.23700977810442664
475.02,20.949499999999997,0.2375097766971191
475.02,20.949499999999997,0.2375097766971191
476.0,20.949499999999997,0.237999775312197
476.0,20.949499999999997,0.237999775312197
477.02,20.949499999999997,0.23850977386467828
477.02,20.949499999999997,0.23850977386467828
479.01,20.949499999999997,0.2395047710227274
479.01,20.949499999999997,0.2395047710227274
480.01,20.949499999999997,0.2400047695856661
480.01,20.949499999999997,0.2400047695856661
482.02,20.949499999999997,0.2410097666790094
482.02,20.949499999999997,0.2410097666790094
483.05,20.949499999999997,0.2415247651801019
483.05,20.949499999999997,0.2415247651801019
484.0,20.949499999999997,0.24199976379193586
484.0,20.949499999999997,0.24199976379193586
485.04,20.949499999999997,0.2425197622659984
485.04,20.949499999999997,0.2425197622659984
486.01,20.949499999999997,0.24300476083685807
486.01,20.949499999999997,0.24300476083685807
488.02,20.949499999999997,0.24400975785723622
488.02,20.949499999999997,0.24400975785723622
489.04,20.949499999999997,0.24451975633576895
489.04,20.949499999999997,0.24451975633576895
490.0,20.949499999999997,0.24499975489799025
490.0,20.949499999999997,0.24499975489799025
491.02,20.949499999999997,0.24550975336416506
491.02,20.949499999999997,0.24550975336416506
492.03,20.949499999999997,0.2460147518390853
492.03,20.949499999999997,0.2460147518390853
494.03,20.949499999999997,0.24701474880060043
494.03,20.949499999999997,0.24701474880060043
495.03,20.949499999999997,0.2475147472721012
495.03,20.949499999999997,0.2475147472721012
497.07,20.949499999999997,0.24853474413476195
497.07,20.949499999999997,0.24853474413476195
498.07,20.949499999999997,0.24903474258741284
498.07,20.949499999999997,0.24903474258741284
500.01,20.949499999999997,0.2500047395677894
500.01,20.949499999999997,0.2500047395677894
