Time,T1,Q1
0.0,20.6272,0.0
0.0,20.949499999999997,0.0
0.0,20.949499999999997,0.0
0.0,20.949499999999997,0.0
1.02,20.949499999999997,0.005099999997789151
1.02,20.949499999999997,0.005099999997789151
3.02,20.949499999999997,0.015099999942617485
3.02,20.949499999999997,0.015099999942617485
3.05,20.949499999999997,0.0015249999999408903
3.05,20.949499999999997,0.0015249999999408903
4.0,20.949499999999997,0.0019999999998666666
4.0,20.949499999999997,0.0019999999998666666
4.0,20.949499999999997,0.01999999986666667
4.0,20.949499999999997,0.01999999986666667
6.02,20.949499999999997,0.030099999545484982
6.02,20.949499999999997,0.030099999545484982
6.07,20.949499999999997,0.003034999999534066
6.07,20.949499999999997,0.003034999999534066
7.04,20.949499999999997,0.0035199999992730968
7.04,20.6272,0.0035199999992730968
7.08,20.949499999999997,0.035399999260635605
7.08,20.949499999999997,0.035399999260635605
8.0,20.6272,0.003999999998933333
8.0,20.949499999999997,0.003999999998933333
9.03,20.949499999999997,0.004514999998466012
9.03,20.949499999999997,0.004514999998466012
9.05,20.949499999999997,0.045249998455796636
9.05,20.949499999999997,0.045249998455796636
10.05,20.949499999999997,0.05024999788526018
10.05,20.949499999999997,0.05024999788526018
10.09,20.949499999999997,0.00504499999785991
10.09,20.949499999999997,0.00504499999785991
12.0,20.949499999999997,0.059999996400000075
12.0,20.949499999999997,0.059999996400000075
12.04,20.949499999999997,0.00601999999636388
12.04,20.6272,0.00601999999636388
13.0,20.949499999999997,0.06499999542291678
13.0,20.949499999999997,0.06499999542291678
13.01,20.949499999999997,0.006504999995412347
13.01,20.949499999999997,0.006504999995412347
14.06,20.949499999999997,0.007029999994209519
14.06,20.949499999999997,0.007029999994209519
15.01,20.6272,0.007504999992954679
15.01,20.6272,0.007504999992954679
15.02,20.949499999999997,0.07509999294058768
15.02,20.949499999999997,0.07509999294058768
16.02,20.949499999999997,0.08009999143462693
16.02,20.949499999999997,0.08009999143462693
16.08,20.949499999999997,0.008039999991338026
16.08,20.949499999999997,0.008039999991338026
17.0,20.949499999999997,0.0849999897645837
17.0,20.949499999999997,0.0849999897645837
18.0,20.949499999999997,0.00899999998785
18.0,20.949499999999997,0.00899999998785
18.06,20.949499999999997,0.09029998772809504
18.06,20.949499999999997,0.09029998772809504
19.02,20.949499999999997,0.0950999856652448
19.02,20.949499999999997,0.0950999856652448
19.07,20.949499999999997,0.009534999985551898
19.07,20.949499999999997,0.009534999985551898
21.01,20.6272,0.010504999980678676
21.01,20.949499999999997,0.010504999980678676
21.03,20.949499999999997,0.1051499806234454
21.03,20.949499999999997,0.1051499806234454
22.01,20.949499999999997,0.011004999977786404
22.01,20.949499999999997,0.011004999977786404
22.06,20.949499999999997,0.11029997763467257
22.06,20.949499999999997,0.11029997763467257
23.01,20.949499999999997,0.11504997461900815
23.01,20.949499999999997,0.11504997461900815
24.01,20.949499999999997,0.12004997116398711
24.01,20.949499999999997,0.12004997116398711
24.06,20.949499999999997,0.01202999997098346
24.06,20.949499999999997,0.01202999997098346
25.01,20.949499999999997,0.012504999967408843
25.01,20.949499999999997,0.012504999967408843
25.06,20.949499999999997,0.12529996721298128
25.06,20.949499999999997,0.12529996721298128
27.01,20.949499999999997,0.13504995894817437
27.01,20.949499999999997,0.13504995894817437
27.05,20.949499999999997,0.013524999958765516
27.05,20.6272,0.013524999958765516
28.02,20.949499999999997,0.014009999954168599
28.02,20.949499999999997,0.014009999954168599
28.03,20.949499999999997,0.14014995411951364
28.03,20.949499999999997,0.14014995411951364
29.04,20.949499999999997,0.014519999948979043
29.04,20.949499999999997,0.014519999948979043
30.0,20.949499999999997,0.14999994375000633
30.0,20.949499999999997,0.14999994375000633
30.06,20.949499999999997,0.015029999943411823
30.06,20.949499999999997,0.015029999943411823
31.0,20.949499999999997,0.15499993793542413
31.0,20.949499999999997,0.15499993793542413
31.03,20.949499999999997,0.01551499993775506
31.03,20.949499999999997,0.01551499993775506
32.02,20.949499999999997,0.1600999316052621
32.02,20.949499999999997,0.1600999316052621
33.01,20.949499999999997,0.016504999925063164
33.01,20.949499999999997,0.016504999925063164
33.06,20.949499999999997,0.16529992472214236
33.06,20.949499999999997,0.16529992472214236
34.01,20.949499999999997,0.017004999918044397
34.01,20.949499999999997,0.017004999918044397
34.07,20.949499999999997,0.17034991760988666
34.07,20.949499999999997,0.17034991760988666
36.04,20.949499999999997,0.1801999024756557
36.04,20.949499999999997,0.1801999024756557
36.05,20.949499999999997,0.018024999902394437
36.05,20.949499999999997,0.018024999902394437
37.02,20.949499999999997,0.18509989430171728
37.02,20.949499999999997,0.18509989430171728
37.04,20.949499999999997,0.0185199998941303
37.04,20.949499999999997,0.0185199998941303
39.03,20.949499999999997,0.019514999876133348
39.03,20.949499999999997,0.019514999876133348
39.05,20.949499999999997,0.1952498759428515
39.05,20.949499999999997,0.1952498759428515
40.01,20.949499999999997,0.020004999866566644
40.01,20.949499999999997,0.020004999866566644
40.02,20.949499999999997,0.20009986646659342
40.02,20.949499999999997,0.20009986646659342
41.01,20.949499999999997,0.2050498563095254
41.01,20.949499999999997,0.2050498563095254
42.04,20.949499999999997,0.2101998452086141
42.04,20.949499999999997,0.2101998452086141
42.07,20.949499999999997,0.021034999844876966
42.07,20.949499999999997,0.021034999844876966
43.0,20.949499999999997,0.02149999983436042
43.0,20.949499999999997,0.02149999983436042
43.0,20.949499999999997,0.21499983436045494
43.0,20.949499999999997,0.21499983436045494
45.02,20.949499999999997,0.022509999809903015
45.02,20.949499999999997,0.022509999809903015
45.05,20.949499999999997,0.22524980952278248
45.05,20.949499999999997,0.22524980952278248
46.02,20.949499999999997,0.23009979695210542
46.02,20.949499999999997,0.23009979695210542
46.06,20.949499999999997,0.023029999796422135
46.06,20.949499999999997,0.023029999796422135
48.0,20.949499999999997,0.023999999769600006
48.0,20.949499999999997,0.023999999769600006
48.05,20.949499999999997,0.24024976887931643
48.05,20.949499999999997,0.24024976887931643
49.0,20.949499999999997,0.02449999975489792
49.0,20.949499999999997,0.02449999975489792
49.05,20.949499999999997,0.2452497541469122
49.05,20.949499999999997,0.2452497541469122
50.0,20.949499999999997,0.024999999739583334
50.0,20.949499999999997,0.024999999739583334
51.01,20.949499999999997,0.025504999723481157
51.01,20.949499999999997,0.025504999723481157
51.01,20.949499999999997,0.25504972348124555
51.01,20.949499999999997,0.25504972348124555
52.01,20.949499999999997,0.26004970689773327
52.01,20.949499999999997,0.26004970689773327
52.05,20.949499999999997,0.026024999706220856
52.05,20.949499999999997,0.026024999706220856
54.04,20.949499999999997,0.2701996712205799
54.04,20.949499999999997,0.2701996712205799
54.05,20.949499999999997,0.027024999671037907
54.05,20.949499999999997,0.027024999671037907
55.01,20.949499999999997,0.27504965319645097
55.01,20.949499999999997,0.27504965319645097
55.06,20.6272,0.02752999965224981
55.06,20.949499999999997,0.02752999965224981
56.01,20.949499999999997,0.28004963393744187
56.01,20.949499999999997,0.28004963393744187
57.04,20.949499999999997,0.02851999961336843
57.04,20.949499999999997,0.02851999961336843
57.05,20.949499999999997,0.285249613165204
57.05,20.949499999999997,0.285249613165204
58.04,20.949499999999997,0.2901995926752581
58.04,20.949499999999997,0.2901995926752581
58.05,20.949499999999997,0.029024999592464514
58.05,20.949499999999997,0.029024999592464514
59.03,20.949499999999997,0.029514999571474073
59.03,20.949499999999997,0.029514999571474073
60.05,20.949499999999997,0.3002495488742656
60.05,20.949499999999997,0.3002495488742656
60.08,20.949499999999997,0.030039999548197607
60.08,20.949499999999997,0.030039999548197607
61.03,20.949499999999997,0.03051499952642489
61.03,20.949499999999997,0.03051499952642489
61.05,20.949499999999997,0.30524952595937166
61.05,20.949499999999997,0.30524952595937166
63.0,20.949499999999997,0.03149999947906875
63.0,20.949499999999997,0.03149999947906875
63.04,20.949499999999997,0.31519947807612914
63.04,20.949499999999997,0.31519947807612914
64.02,20.949499999999997,0.03200999945335451
64.02,20.949499999999997,0.03200999945335451
64.02,20.949499999999997,0.3200994533547867
64.02,20.949499999999997,0.3200994533547867
65.01,20.949499999999997,0.03250499942760049
65.01,20.949499999999997,0.03250499942760049
66.01,20.949499999999997,0.3300494007780352
66.01,20.949499999999997,0.3300494007780352
67.01,20.949499999999997,0.3350493731301642
67.01,20.949499999999997,0.3350493731301642
67.06,20.6272,0.03352999937172554
67.06,20.949499999999997,0.03352999937172554
68.0,20.949499999999997,0.339999344933712
68.0,20.949499999999997,0.339999344933712
68.02,20.949499999999997,0.03400999934435517
68.02,20.949499999999997,0.03400999934435517
69.03,20.949499999999997,0.3451493147135825
69.03,20.949499999999997,0.3451493147135825
70.02,20.949499999999997,0.035009999284804
70.02,20.949499999999997,0.035009999284804
70.05,20.949499999999997,0.3502492838847619
70.05,20.949499999999997,0.3502492838847619
71.07,20.949499999999997,0.03553499925214447
71.07,20.949499999999997,0.03553499925214447
72.0,20.6272,0.035999999222400006
72.0,20.949499999999997,0.035999999222400006
72.05,20.949499999999997,0.3602492207793804
72.05,20.949499999999997,0.3602492207793804
73.0,20.949499999999997,0.36499918954845656
73.0,20.949499999999997,0.36499918954845656
73.01,20.949499999999997,0.03650499918921482
73.01,20.949499999999997,0.03650499918921482
74.05,20.949499999999997,0.03702499915407094
74.05,20.949499999999997,0.03702499915407094
75.02,20.949499999999997,0.3750991203910563
75.02,20.949499999999997,0.3750991203910563
76.02,20.949499999999997,0.3800990847451378
76.02,20.949499999999997,0.3800990847451378
76.03,20.949499999999997,0.03801499908438325
76.03,20.949499999999997,0.03801499908438325
77.0,20.949499999999997,0.38499904889028824
77.0,20.949499999999997,0.38499904889028824
77.03,20.949499999999997,0.03851499904777747
77.03,20.949499999999997,0.03851499904777747
78.08,20.949499999999997,0.3903990083056347
78.08,20.949499999999997,0.3903990083056347
79.0,20.949499999999997,0.039499998972835425
79.0,20.949499999999997,0.039499998972835425
79.09,20.949499999999997,0.3954489693216592
79.09,20.949499999999997,0.3954489693216592
80.05,20.949499999999997,0.040024998931332094
80.05,20.949499999999997,0.040024998931332094
81.01,20.6272,0.04050499889242115
81.01,20.949499999999997,0.04050499889242115
82.03,20.949499999999997,0.04101499885005547
82.03,20.949499999999997,0.04101499885005547
82.04,20.949499999999997,0.4101988496358144
82.04,20.949499999999997,0.4101988496358144
83.01,20.949499999999997,0.04150499880834648
83.01,20.949499999999997,0.04150499880834648
84.0,20.949499999999997,0.4199987652010892
84.0,20.949499999999997,0.4199987652010892
85.0,20.949499999999997,0.04249999872057293
85.0,20.949499999999997,0.04249999872057293
85.01,20.949499999999997,0.42504872012245726
85.01,20.949499999999997,0.42504872012245726
86.0,20.949499999999997,0.04299999867488335
86.0,20.949499999999997,0.04299999867488335
86.01,20.949499999999997,0.4300486744222554
86.01,20.949499999999997,0.4300486744222554
87.0,20.949499999999997,0.04349999862811877
87.0,20.949499999999997,0.04349999862811877
87.02,20.949499999999997,0.4350986271737069
87.02,20.949499999999997,0.4350986271737069
88.0,20.949499999999997,0.43999858026804106
88.0,20.949499999999997,0.43999858026804106
88.02,20.949499999999997,0.044009998579298465
88.02,20.949499999999997,0.044009998579298465
89.0,20.949499999999997,0.4449985313160375
89.0,20.949499999999997,0.4449985313160375
89.09,20.949499999999997,0.044544998526854535
89.09,20.949499999999997,0.044544998526854535
90.03,20.949499999999997,0.45014847973228406
90.03,20.949499999999997,0.45014847973228406
91.05,20.949499999999997,0.0455249984274712
91.05,20.949499999999997,0.0455249984274712
92.03,20.949499999999997,0.46014837614753495
92.03,20.949499999999997,0.46014837614753495
92.04,20.949499999999997,0.04601999837561644
92.04,20.949499999999997,0.04601999837561644
93.01,20.6272,0.04650499832371566
93.01,20.949499999999997,0.04650499832371566
93.03,20.949499999999997,0.46514832263585393
93.03,20.949499999999997,0.46514832263585393
94.04,20.949499999999997,0.4701982674086418
94.04,20.949499999999997,0.4701982674086418
94.06,20.949499999999997,0.047029998266301075
94.06,20.6272,0.047029998266301075
95.04,20.949499999999997,0.4751982115469025
95.04,20.949499999999997,0.4751982115469025
95.08,20.949499999999997,0.047539998209285804
95.08,20.949499999999997,0.047539998209285804
96.06,20.949499999999997,0.4802981533439696
96.06,20.949499999999997,0.4802981533439696
97.0,20.949499999999997,0.048499998098597945
97.0,20.949499999999997,0.048499998098597945
97.04,20.949499999999997,0.4851980962469375
97.04,20.949499999999997,0.4851980962469375
98.0,20.949499999999997,0.04899999803918337
98.0,20.949499999999997,0.04899999803918337
99.03,20.949499999999997,0.4951479767079859
99.03,20.949499999999997,0.4951479767079859
100.02,20.949499999999997,0.05000999791541645
100.02,20.949499999999997,0.05000999791541645
100.03,20.949499999999997,0.5001479147937121
100.03,20.949499999999997,0.5001479147937121
101.02,20.949499999999997,0.05050999785226423
101.02,20.949499999999997,0.05050999785226423
101.03,20.949499999999997,0.5051478516290688
101.03,20.949499999999997,0.5051478516290688
102.05,20.949499999999997,0.5102477859000383
102.05,20.949499999999997,0.5102477859000383
103.04,20.949499999999997,0.5151977208351614
103.04,20.949499999999997,0.5151977208351614
103.05,20.949499999999997,0.05152499772016852
103.05,20.949499999999997,0.05152499772016852
104.03,20.949499999999997,0.052014997654504784
104.03,20.949499999999997,0.052014997654504784
105.01,20.949499999999997,0.5250475875954472
105.01,20.949499999999997,0.5250475875954472
106.01,20.949499999999997,0.530047518017837
106.01,20.949499999999997,0.530047518017837
106.02,20.949499999999997,0.05300999751731193
106.02,20.949499999999997,0.05300999751731193
107.02,20.949499999999997,0.053509997446395736
107.02,20.949499999999997,0.053509997446395736
108.01,20.949499999999997,0.054004997374870974
108.01,20.6272,0.054004997374870974
108.03,20.949499999999997,0.5401473734162242
108.03,20.949499999999997,0.5401473734162242
109.02,20.949499999999997,0.054509997300537565
109.02,20.949499999999997,0.054509997300537565
109.03,20.949499999999997,0.5451472997986284
109.03,20.949499999999997,0.5451472997986284
110.06,20.949499999999997,0.05502999722254341
110.06,20.6272,0.05502999722254341
111.01,20.949499999999997,0.5550471500030084
111.01,20.949499999999997,0.5550471500030084
112.01,20.6272,0.05600499707228265
112.01,20.949499999999997,0.05600499707228265
112.06,20.949499999999997,0.5602970683647479
112.06,20.949499999999997,0.5602970683647479
113.0,20.949499999999997,0.5649969939693813
113.0,20.949499999999997,0.5649969939693813
113.02,20.949499999999997,0.05650999699236823
113.02,20.949499999999997,0.05650999699236823
114.01,20.949499999999997,0.5700469126426951
114.01,20.949499999999997,0.5700469126426951
115.04,20.949499999999997,0.05751999682820308
115.04,20.949499999999997,0.05751999682820308
115.07,20.949499999999997,0.5753468257262104
115.07,20.949499999999997,0.5753468257262104
116.01,20.949499999999997,0.05800499674729232
116.01,20.949499999999997,0.05800499674729232
117.01,20.949499999999997,0.5850466624563263
117.01,20.949499999999997,0.5850466624563263
118.01,20.949499999999997,0.05900499657614641
118.01,20.949499999999997,0.05900499657614641
118.01,20.949499999999997,0.5900465761523032
118.01,20.949499999999997,0.5900465761523032
119.0,20.949499999999997,0.5949964892582978
119.0,20.949499999999997,0.5949964892582978
119.04,20.949499999999997,0.05951999648571071
119.04,20.949499999999997,0.05951999648571071
120.03,20.949499999999997,0.6001463973058131
120.03,20.949499999999997,0.6001463973058131
121.03,20.949499999999997,0.060514996306502124
121.03,20.949499999999997,0.060514996306502124
121.04,20.949499999999997,0.6051963055932224
121.04,20.949499999999997,0.6051963055932224
122.07,20.949499999999997,0.06103499621046793
122.07,20.949499999999997,0.06103499621046793
123.04,20.949499999999997,0.6151961194176133
123.04,20.949499999999997,0.6151961194176133
124.04,20.949499999999997,0.062019996024021515
124.04,20.949499999999997,0.062019996024021515
124.04,20.949499999999997,0.6201960240290734
124.04,20.949499999999997,0.6201960240290734
125.04,20.949499999999997,0.06251999592708217
125.04,20.949499999999997,0.06251999592708217
126.01,20.949499999999997,0.06300499583155776
126.01,20.949499999999997,0.06300499583155776
126.02,20.949499999999997,0.6300958305734619
126.02,20.949499999999997,0.6300958305734619
127.02,20.949499999999997,0.6350957305275846
127.02,20.949499999999997,0.6350957305275846
127.12,20.949499999999997,0.06355999572042732
127.12,20.949499999999997,0.06355999572042732
128.0,20.949499999999997,0.6399956309422812
128.0,20.949499999999997,0.6399956309422812
128.04,20.949499999999997,0.06401999562683615
128.04,20.949499999999997,0.06401999562683615
129.01,20.949499999999997,0.6450455267004133
129.01,20.949499999999997,0.6450455267004133
130.05,20.949499999999997,0.0650249954176335
130.05,20.949499999999997,0.0650249954176335
130.07,20.949499999999997,0.6503454155286298
130.07,20.949499999999997,0.6503454155286298
131.05,20.949499999999997,0.06552499531111233
131.05,20.949499999999997,0.06552499531111233
132.0,20.949499999999997,0.659995208410436
132.0,20.949499999999997,0.659995208410436
133.03,20.949499999999997,0.0665149950953556
133.03,20.949499999999997,0.0665149950953556
133.07,20.949499999999997,0.6653450909407713
133.07,20.949499999999997,0.6653450909407713
134.0,20.949499999999997,0.6699949872945844
134.0,20.949499999999997,0.6699949872945844
134.03,20.949499999999997,0.06701499498391596
134.03,20.949499999999997,0.06701499498391596
135.02,20.949499999999997,0.6750948719519734
135.02,20.949499999999997,0.6750948719519734
136.01,20.6272,0.0680049947583107
136.01,20.949499999999997,0.0680049947583107
136.07,20.949499999999997,0.6803447513826482
136.07,20.949499999999997,0.6803447513826482
137.03,20.949499999999997,0.06851499463949476
137.03,20.949499999999997,0.06851499463949476
138.0,20.949499999999997,0.6899945248630336
138.0,20.949499999999997,0.6899945248630336
138.02,20.949499999999997,0.0690099945224693
138.02,20.949499999999997,0.0690099945224693
139.01,20.949499999999997,0.0695049944037529
139.01,20.949499999999997,0.0695049944037529
139.01,20.949499999999997,0.6950444037662848
139.01,20.949499999999997,0.6950444037662848
140.0,20.949499999999997,0.6999942833473392
140.0,20.949499999999997,0.6999942833473392
140.05,20.949499999999997,0.0700249942772063
140.05,20.949499999999997,0.0700249942772063
141.07,20.949499999999997,0.705344151268543
141.07,20.949499999999997,0.705344151268543
142.03,20.949499999999997,0.07101499403103528
142.03,20.949499999999997,0.07101499403103528
142.05,20.949499999999997,0.7102440285282595
142.05,20.949499999999997,0.7102440285282595
143.03,20.949499999999997,0.07151499390406726
143.03,20.949499999999997,0.07151499390406726
145.01,20.949499999999997,0.7250436474004613
145.01,20.949499999999997,0.7250436474004613
145.05,20.949499999999997,0.07252499364212552
145.05,20.949499999999997,0.07252499364212552
146.02,20.949499999999997,0.7300935137357558
146.02,20.949499999999997,0.7300935137357558
146.05,20.949499999999997,0.07302499350971998
146.05,20.949499999999997,0.07302499350971998
147.02,20.949499999999997,0.7350933795601451
147.02,20.949499999999997,0.7350933795601451
148.0,20.949499999999997,0.7399932462851584
148.0,20.949499999999997,0.7399932462851584
148.05,20.949499999999997,0.07402499323941955
148.05,20.949499999999997,0.07402499323941955
149.05,20.6272,0.07452499310149964
149.05,20.949499999999997,0.07452499310149964
149.05,20.949499999999997,0.7452431015185995
149.05,20.949499999999997,0.7452431015185995
150.0,20.949499999999997,0.0749999929687502
150.0,20.949499999999997,0.0749999929687502
150.01,20.949499999999997,0.7500429673634382
150.01,20.949499999999997,0.7500429673634382
151.0,20.949499999999997,0.75499282720586
151.0,20.949499999999997,0.75499282720586
151.03,20.949499999999997,0.0755149928229096
151.03,20.6272,0.0755149928229096
152.06,20.949499999999997,0.760292675087084
152.06,20.949499999999997,0.760292675087084
152.08,20.949499999999997,0.07603999267217548
152.08,20.949499999999997,0.07603999267217548
154.01,20.949499999999997,0.7700423896568842
154.01,20.949499999999997,0.7700423896568842
154.02,20.6272,0.07700999238815202
154.02,20.949499999999997,0.07700999238815202
155.02,20.949499999999997,0.07750999223892381
155.02,20.949499999999997,0.07750999223892381
155.04,20.949499999999997,0.7751922359426117
155.04,20.949499999999997,0.7751922359426117
157.01,20.949499999999997,0.7850419362071047
157.01,20.949499999999997,0.7850419362071047
157.07,20.949499999999997,0.07853499192693442
157.07,20.949499999999997,0.07853499192693442
158.01,20.949499999999997,0.7900417811486347
158.01,20.949499999999997,0.7900417811486347
158.09,20.949499999999997,0.07904499176863335
158.09,20.949499999999997,0.07904499176863335
159.0,20.949499999999997,0.794991625695214
159.0,20.949499999999997,0.794991625695214
160.03,20.949499999999997,0.08001499146186605
160.03,20.949499999999997,0.08001499146186605
160.04,20.949499999999997,0.8001914602924074
160.04,20.949499999999997,0.8001914602924074
161.02,20.949499999999997,0.8050913024522441
161.02,20.949499999999997,0.8050913024522441
161.03,20.949499999999997,0.08051499130080378
161.03,20.949499999999997,0.08051499130080378
163.01,20.949499999999997,0.8150409759797259
163.01,21.2718,0.8150409759797259
163.05,20.949499999999997,0.08152499096930538
163.05,20.949499999999997,0.08152499096930538
164.02,20.949499999999997,0.8200908072018372
164.02,20.949499999999997,0.8200908072018372
164.03,20.949499999999997,0.08201499080548973
164.03,20.949499999999997,0.08201499080548973
165.03,20.949499999999997,0.8251406363325118
165.03,20.949499999999997,0.8251406363325118
166.03,20.949499999999997,0.08301499046504932
166.03,20.949499999999997,0.08301499046504932
166.08,20.949499999999997,0.83039045646493
166.08,20.949499999999997,0.83039045646493
167.05,20.949499999999997,0.8352402882680379
167.05,20.949499999999997,0.8352402882680379
167.06,20.949499999999997,0.0835299902864903
167.06,20.949499999999997,0.0835299902864903
169.01,20.6272,0.0845049899423631
169.01,20.949499999999997,0.0845049899423631
169.05,20.949499999999997,0.8452399352559172
169.05,20.949499999999997,0.8452399352559172
170.01,20.949499999999997,0.08500498976277734
170.01,20.949499999999997,0.08500498976277734
170.05,20.949499999999997,0.8502397555864568
170.05,21.2718,0.8502397555864568
172.03,20.949499999999997,0.0860149893935191
172.03,20.949499999999997,0.0860149893935191
172.03,20.949499999999997,0.8601393935579354
172.03,21.2718,0.8601393935579354
173.01,20.949499999999997,0.08650498921121931
173.01,20.949499999999997,0.08650498921121931
173.05,20.949499999999997,0.8652392037744809
173.05,20.949499999999997,0.8652392037744809
174.0,20.949499999999997,0.08699998902495043
174.0,20.949499999999997,0.08699998902495043
175.01,20.949499999999997,0.08750498883272168
175.01,20.949499999999997,0.08750498883272168
175.04,20.949499999999997,0.8751888270202077
175.04,20.949499999999997,0.8751888270202077
176.02,20.949499999999997,0.08800998863826134
176.02,20.949499999999997,0.08800998863826134
176.06,20.949499999999997,0.8802886305574255
176.06,20.949499999999997,0.8802886305574255
178.01,20.949499999999997,0.8900382485828523
178.01,20.949499999999997,0.8900382485828523
178.05,20.949499999999997,0.08902498824061311
178.05,20.949499999999997,0.08902498824061311
179.01,20.949499999999997,0.8950380494222779
179.01,20.949499999999997,0.8950380494222779
179.05,20.949499999999997,0.08952498804136196
179.05,20.949499999999997,0.08952498804136196
180.0,20.949499999999997,0.8999878500492076
180.0,20.949499999999997,0.8999878500492076
180.01,20.949499999999997,0.09000498784797538
180.01,20.949499999999997,0.09000498784797538
181.04,20.949499999999997,0.09051998763818137
181.04,20.6272,0.09051998763818137
181.07,20.949499999999997,0.905337632085123
181.07,20.949499999999997,0.905337632085123
182.03,20.949499999999997,0.9101374343236049
182.03,20.949499999999997,0.9101374343236049
182.05,20.949499999999997,0.09102498743012977
182.05,20.949499999999997,0.09102498743012977
184.04,20.949499999999997,0.9201870134558097
184.04,20.949499999999997,0.9201870134558097
184.06,20.949499999999997,0.09202998700916709
184.06,20.949499999999997,0.09202998700916709
185.0,20.949499999999997,0.9249868091710156
185.0,21.2718,0.9249868091710156
185.06,20.6272,0.09252998679627662
185.06,20.949499999999997,0.09252998679627662
187.03,20.949499999999997,0.9351363701622742
187.03,20.949499999999997,0.9351363701622742
187.04,20.949499999999997,0.0935199863679169
187.04,20.949499999999997,0.0935199863679169
188.04,20.949499999999997,0.09401998614809608
188.04,20.949499999999997,0.09401998614809608
188.04,20.949499999999997,0.9401861481566768
188.04,20.949499999999997,0.9401861481566768
189.0,20.949499999999997,0.9449859349190525
189.0,21.2718,0.9449859349190525
190.05,20.949499999999997,0.0950249856991331
190.05,20.949499999999997,0.0950249856991331
190.07,20.949499999999997,0.9503356946816977
190.07,20.949499999999997,0.9503356946816977
191.08,20.949499999999997,0.09553998546535462
191.08,20.949499999999997,0.09553998546535462
191.08,21.2718,0.9553854654202776
191.08,21.2718,0.9553854654202776
193.03,20.949499999999997,0.09651498501581336
193.03,20.949499999999997,0.09651498501581336
193.03,20.949499999999997,0.9651350158824333
193.03,20.949499999999997,0.9651350158824333
194.03,20.949499999999997,0.9701347817971084
194.03,20.949499999999997,0.9701347817971084
194.05,20.949499999999997,0.09702498477701978
194.05,20.949499999999997,0.09702498477701978
196.01,20.949499999999997,0.9800343111408899
196.01,21.2718,0.9800343111408899
196.04,20.949499999999997,0.09801998430386148
196.04,20.949499999999997,0.09801998430386148
197.03,21.2718,0.9851340649391145
197.03,21.2718,0.9851340649391145
197.04,20.949499999999997,0.09851998406243616
197.04,20.6272,0.09851998406243616
198.0,20.949499999999997,0.0989999838283508
198.0,20.949499999999997,0.0989999838283508
199.02,21.2718,0.9950835772161057
199.02,20.949499999999997,0.9950835772161057
199.06,20.949499999999997,0.09952998356723139
199.06,20.949499999999997,0.09952998356723139
200.02,20.949499999999997,1.000083328416208
200.02,20.949499999999997,1.000083328416208
200.07,20.949499999999997,0.10003498331582807
200.07,20.949499999999997,0.10003498331582807
202.02,20.949499999999997,1.010082823303289
202.02,20.949499999999997,1.010082823303289
202.03,20.949499999999997,0.10101498282066566
202.03,20.949499999999997,0.10101498282066566
203.02,20.949499999999997,1.0150825669652686
203.02,21.2718,1.0150825669652686
203.03,20.949499999999997,0.10151498256430015
203.03,20.949499999999997,0.10151498256430015
204.0,20.949499999999997,0.10199998231320093
204.0,20.949499999999997,0.10199998231320093
204.0,21.2718,1.0199823132920065
204.0,21.2718,1.0199823132920065
205.03,20.6272,0.10251498204394303
205.03,20.949499999999997,0.10251498204394303
205.04,20.949499999999997,1.0251820414089923
205.04,20.949499999999997,1.0251820414089923
206.0,20.949499999999997,0.10299998178788432
206.0,20.949499999999997,0.10299998178788432
206.02,21.2718,1.0300817826749713
206.02,20.949499999999997,1.0300817826749713
208.02,20.949499999999997,0.10400998124685919
208.02,20.949499999999997,0.10400998124685919
208.03,21.2718,1.0401312442549573
208.03,20.949499999999997,1.0401312442549573
209.04,20.949499999999997,1.0451809697461907
209.04,21.2718,1.0451809697461907
209.05,20.949499999999997,0.10452498096691207
209.05,20.949499999999997,0.10452498096691207
210.01,20.949499999999997,0.10500498070349469
210.01,20.949499999999997,0.10500498070349469
210.05,20.949499999999997,1.0502306925719518
210.05,21.2718,1.0502306925719518
211.06,20.949499999999997,0.1055299804126114
211.06,20.949499999999997,0.1055299804126114
211.06,20.949499999999997,1.0552804127193618
211.06,21.2718,1.0552804127193618
212.05,20.949499999999997,0.10602498013568616
212.05,20.949499999999997,0.10602498013568616
212.05,21.2718,1.0602301357966708
212.05,21.2718,1.0602301357966708
214.03,20.949499999999997,0.1070149795740299
214.03,20.6272,0.1070149795740299
214.03,20.949499999999997,1.070129574145674
214.03,21.2718,1.070129574145674
215.03,21.2718,1.0751292865034054
215.03,20.949499999999997,1.0751292865034054
215.07,20.949499999999997,0.10753497927482326
215.07,20.949499999999997,0.10753497927482326
217.0,21.2718,1.084978711973221
217.0,21.2718,1.084978711973221
217.04,20.949499999999997,0.10851997870007475
217.04,20.6272,0.10851997870007475
218.01,21.2718,1.0900284133411948
218.01,21.2718,1.0900284133411948
218.06,20.949499999999997,0.10902997839835821
218.06,20.949499999999997,0.10902997839835821
219.06,20.949499999999997,0.10952997809980476
219.06,20.949499999999997,0.10952997809980476
220.03,20.949499999999997,0.11001497780759179
220.03,20.949499999999997,0.11001497780759179
220.05,21.2718,1.1002278016725904
220.05,21.2718,1.1002278016725904
221.05,21.2718,1.1052274976607597
221.05,21.2718,1.1052274976607597
221.07,20.949499999999997,0.11053497749141623
221.07,20.949499999999997,0.11053497749141623
222.03,21.2718,1.1101271970485171
222.03,20.949499999999997,1.1101271970485171
223.0,20.949499999999997,0.11149997689673687
223.0,20.949499999999997,0.11149997689673687
223.03,21.2718,1.1151268875536837
223.03,21.2718,1.1151268875536837
224.01,20.949499999999997,1.1200265815440875
224.01,21.2718,1.1200265815440875
224.04,20.949499999999997,0.11201997657198856
224.04,20.949499999999997,0.11201997657198856
226.0,21.2718,1.1299759518702026
226.0,21.2718,1.1299759518702026
226.01,20.949499999999997,0.11300497594852582
226.01,20.949499999999997,0.11300497594852582
227.01,20.949499999999997,0.11350497562785797
227.01,20.949499999999997,0.11350497562785797
227.05,21.2718,1.1352256151278595
227.05,21.2718,1.1352256151278595
229.02,21.2718,1.1450749748812912
229.02,21.2718,1.1450749748812912
229.04,20.949499999999997,0.11451997496816203
229.04,20.949499999999997,0.11451997496816203
230.01,21.2718,1.1500246489445887
230.01,20.949499999999997,1.1500246489445887
230.06,20.949499999999997,0.11502997463224236
230.06,20.949499999999997,0.11502997463224236
231.05,20.949499999999997,0.11552497430334158
231.05,20.949499999999997,0.11552497430334158
232.03,21.2718,1.1601239751485029
232.03,21.2718,1.1601239751485029
232.08,20.949499999999997,0.11603997395814716
232.08,20.949499999999997,0.11603997395814716
233.0,20.949499999999997,0.11649997364721637
233.0,20.949499999999997,0.11649997364721637
233.05,21.2718,1.1652236304246548
233.05,21.2718,1.1652236304246548
234.0,21.2718,1.1699733066327034
234.0,21.2718,1.1699733066327034
235.05,20.949499999999997,0.11752497294550081
235.05,20.949499999999997,0.11752497294550081
235.09,21.2718,1.1754229318714544
235.09,21.2718,1.1754229318714544
236.02,20.949499999999997,0.11800997260917266
236.02,20.949499999999997,0.11800997260917266
236.03,21.2718,1.1801226058797731
236.03,21.2718,1.1801226058797731
238.02,20.949499999999997,0.11900997190693757
238.02,20.949499999999997,0.11900997190693757
238.04,21.2718,1.1901719000523159
238.04,21.2718,1.1901719000523159
239.02,20.949499999999997,0.1195099715513634
239.02,20.949499999999997,0.1195099715513634
239.04,21.2718,1.1951715444226885
239.04,21.2718,1.1951715444226885
241.03,21.2718,1.2051208278182208
241.03,21.2718,1.2051208278182208
241.05,20.949499999999997,0.12052497082034597
241.05,20.949499999999997,0.12052497082034597
242.05,20.949499999999997,0.12102497045568049
242.05,20.949499999999997,0.12102497045568049
242.05,21.2718,1.2102204558946696
242.05,21.2718,1.2102204558946696
243.01,21.2718,1.2150201029737284
243.01,21.2718,1.2150201029737284
244.03,21.2718,1.2201197249276576
244.03,21.2718,1.2201197249276576
244.04,20.949499999999997,0.1220199697209825
244.04,20.949499999999997,0.1220199697209825
245.04,20.949499999999997,0.12251996934723318
245.04,20.949499999999997,0.12251996934723318
245.04,20.949499999999997,1.225169347460949
245.04,21.2718,1.225169347460949
246.0,20.949499999999997,0.12299996898555236
246.0,20.6272,0.12299996898555236
247.04,21.2718,1.2351685907703058
247.04,21.2718,1.2351685907703058
247.1,20.949499999999997,0.12354996856764175
247.1,20.949499999999997,0.12354996856764175
248.04,21.2718,1.2401682077993514
248.04,21.2718,1.2401682077993514
248.06,20.949499999999997,0.12402996819986623
248.06,20.949499999999997,0.12402996819986623
250.02,20.949499999999997,0.1250099674401061
250.02,20.949499999999997,0.1250099674401061
250.04,21.2718,1.2501674325436825
250.04,21.2718,1.2501674325436825
251.02,20.949499999999997,0.12550996704785394
251.02,20.949499999999997,0.12550996704785394
251.05,21.2718,1.2552170362950466
251.05,21.2718,1.2552170362950466
253.01,20.949499999999997,0.1265049662579249
253.01,20.949499999999997,0.1265049662579249
253.05,21.2718,1.2652162421863593
253.05,21.2718,1.2652162421863593
254.04,21.2718,1.2701658444273287
254.04,21.2718,1.2701658444273287
254.08,20.949499999999997,0.12703996582801794
254.08,20.949499999999997,0.12703996582801794
255.03,21.2718,1.2751154435560745
255.03,21.2718,1.2751154435560745
256.05,20.949499999999997,0.12802496502698554
256.05,20.949499999999997,0.12802496502698554
256.07,21.2718,1.2803150190735477
256.07,21.2718,1.2803150190735477
257.04,21.2718,1.2851646200419569
257.04,21.2718,1.2851646200419569
257.06,20.949499999999997,0.12852996461149335
257.06,20.949499999999997,0.12852996461149335
259.05,20.949499999999997,0.12952496378324663
259.05,20.6272,0.12952496378324663
259.05,21.2718,1.2952137835473552
259.05,21.2718,1.2952137835473552
260.01,21.2718,1.3000133794176398
260.01,21.2718,1.3000133794176398
260.04,20.949499999999997,0.13001996336643387
260.04,20.949499999999997,0.13001996336643387
262.02,21.2718,1.3100625235571288
262.02,21.2718,1.3100625235571288
262.06,20.949499999999997,0.1310299625060725
262.06,20.949499999999997,0.1310299625060725
263.01,20.949499999999997,0.13150496209683216
263.01,20.949499999999997,0.13150496209683216
263.02,21.2718,1.315062092833102
263.02,21.2718,1.315062092833102
264.02,20.949499999999997,0.1320099616584907
264.02,20.6272,0.1320099616584907
265.06,21.2718,1.3252612039482912
265.06,21.2718,1.3252612039482912
265.09,20.6272,0.13254496119043635
265.09,20.949499999999997,0.13254496119043635
266.04,20.949499999999997,0.13301996077169517
266.04,20.6272,0.13301996077169517
266.06,21.2718,1.330260763191036
266.06,21.2718,1.330260763191036
268.03,20.949499999999997,0.13401495988480178
268.03,20.949499999999997,0.13401495988480178
268.03,21.2718,1.3401098851583924
268.03,21.2718,1.3401098851583924
269.03,21.2718,1.3451094344873864
269.03,21.2718,1.3451094344873864
269.04,20.949499999999997,0.13451995942960032
269.04,20.949499999999997,0.13451995942960032
270.03,21.2718,1.3501089804536066
270.03,21.2718,1.3501089804536066
271.03,21.2718,1.3551085230445543
271.03,21.2718,1.3551085230445543
271.05,20.949499999999997,0.13552495851348467
271.05,20.949499999999997,0.13552495851348467
272.04,21.2718,1.3601580576226124
272.04,21.2718,1.3601580576226124
272.05,20.949499999999997,0.13602495805261297
272.05,20.949499999999997,0.13602495805261297
273.03,20.949499999999997,0.13651495759765947
273.03,20.949499999999997,0.13651495759765947
274.03,21.2718,1.3701071304407748
274.03,21.2718,1.3701071304407748
274.05,20.949499999999997,0.13702495712065518
274.05,20.949499999999997,0.13702495712065518
275.01,20.949499999999997,0.13750495666845444
275.01,20.949499999999997,0.13750495666845444
275.03,21.2718,1.3751066594056445
275.03,21.2718,1.3751066594056445
277.02,21.2718,1.3850557118059361
277.02,21.2718,1.3850557118059361
277.05,20.949499999999997,0.13852495569699505
277.05,20.949499999999997,0.13852495569699505
278.03,21.2718,1.3901052256236577
278.03,21.2718,1.3901052256236577
278.05,20.949499999999997,0.1390249552155321
278.05,20.6272,0.1390249552155321
279.0,21.2718,1.3949547553589883
279.0,21.2718,1.3949547553589883
280.01,20.949499999999997,0.14000495426177098
280.01,20.949499999999997,0.14000495426177098
280.06,21.2718,1.4002542377090315
280.06,21.2718,1.4002542377090315
281.04,21.2718,1.4051537556280933
281.04,21.2718,1.4051537556280933
281.07,20.949499999999997,0.1405349537403651
281.07,20.949499999999997,0.1405349537403651
282.06,20.949499999999997,0.1410299532498268
282.06,20.949499999999997,0.1410299532498268
283.0,21.2718,1.4149527813331313
283.0,21.2718,1.4149527813331313
283.01,20.949499999999997,0.14150495277585942
283.01,20.949499999999997,0.14150495277585942
284.0,21.2718,1.419952279014459
284.0,21.2718,1.419952279014459
284.05,20.949499999999997,0.14202495225332873
284.05,20.949499999999997,0.14202495225332873
286.0,21.2718,1.4299512637149734
286.0,21.2718,1.4299512637149734
286.04,20.949499999999997,0.1430199512427698
286.04,20.949499999999997,0.1430199512427698
287.02,21.2718,1.435050740412497
287.02,21.2718,1.435050740412497
287.04,20.949499999999997,0.14351995072961204
287.04,20.949499999999997,0.14351995072961204
289.05,20.949499999999997,0.14452494968729834
289.05,20.949499999999997,0.14452494968729834
289.05,21.2718,1.4451996878185385
289.05,21.2718,1.4451996878185385
290.01,21.2718,1.449999184861136
290.01,21.2718,1.449999184861136
290.05,20.949499999999997,0.1450249491633029
290.05,20.949499999999997,0.1450249491633029
291.0,21.2718,1.4549486626871648
291.0,21.2718,1.4549486626871648
292.0,20.949499999999997,0.14599994813107223
292.0,20.949499999999997,0.14599994813107223
292.02,21.2718,1.4600481209609422
292.02,21.2718,1.4600481209609422
293.01,20.949499999999997,0.14650494759097946
293.01,20.949499999999997,0.14650494759097946
293.05,21.2718,1.46519757007002
293.05,21.2718,1.46519757007002
294.0,20.949499999999997,0.14699994705795574
294.0,20.949499999999997,0.14699994705795574
295.02,21.2718,1.4750465055885553
295.02,21.2718,1.4750465055885553
295.08,20.949499999999997,0.14753994647236693
295.08,20.949499999999997,0.14753994647236693
296.02,21.2718,1.4800459597725253
296.02,21.2718,1.4800459597725253
296.09,20.949499999999997,0.14804494592084028
296.09,20.949499999999997,0.14804494592084028
297.02,21.2718,1.4850454102563804
297.02,21.2718,1.4850454102563804
298.03,20.949499999999997,0.14901494485087036
298.03,20.949499999999997,0.14901494485087036
298.03,21.2718,1.4900948514765433
298.03,21.2718,1.4900948514765433
299.03,20.949499999999997,0.14951494429386894
299.03,20.949499999999997,0.14951494429386894
299.04,21.2718,1.4951442888965922
299.04,21.2718,1.4951442888965922
301.0,21.2718,1.5049431862663432
301.0,21.2718,1.5049431862663432
301.01,20.949499999999997,0.15050494317996663
301.01,20.949499999999997,0.15050494317996663
302.01,20.949499999999997,0.15100494261178943
302.01,20.949499999999997,0.15100494261178943
302.05,21.2718,1.510192589632092
302.05,21.2718,1.510192589632092
303.01,20.949499999999997,0.15150494203983716
303.01,20.949499999999997,0.15150494203983716
303.01,21.2718,1.5149920404956967
303.01,21.2718,1.5149920404956967
304.0,20.949499999999997,0.15199994146987342
304.0,20.949499999999997,0.15199994146987342
304.06,21.2718,1.5202414358806302
304.06,21.2718,1.5202414358806302
305.08,20.949499999999997,0.15253994084384678
305.08,20.949499999999997,0.15253994084384678
305.08,21.2718,1.5253408445281147
305.08,21.2718,1.5253408445281147
307.02,20.949499999999997,0.15350993970813565
307.02,20.949499999999997,0.15350993970813565
307.04,21.2718,1.5351396970557227
307.04,21.2718,1.5351396970557227
308.01,21.2718,1.5399891237260632
308.01,21.2718,1.5399891237260632
308.02,20.949499999999997,0.15400993911708177
308.02,20.949499999999997,0.15400993911708177
309.05,21.2718,1.5451885049978018
309.05,21.2718,1.5451885049978018
310.02,20.949499999999997,0.15500993792341083
310.02,20.949499999999997,0.15500993792341083
310.08,21.2718,1.5503378881007748
310.08,21.2718,1.5503378881007748
311.02,20.949499999999997,0.15550993732076876
311.02,20.949499999999997,0.15550993732076876
311.09,21.2718,1.5553872791895211
311.09,21.2718,1.5553872791895211
313.0,21.2718,1.5649361168302431
313.0,21.594099999999997,1.5649361168302431
313.01,20.949499999999997,0.1565049361099325
313.01,20.949499999999997,0.1565049361099325
314.03,21.2718,1.5700854840901006
314.03,21.2718,1.5700854840901006
314.05,20.949499999999997,0.15702493547097515
314.05,20.949499999999997,0.15702493547097515
315.0,20.949499999999997,0.15749993488360187
315.0,20.949499999999997,0.15749993488360187
316.03,20.949499999999997,0.1580149342427501
316.03,20.949499999999997,0.1580149342427501
316.03,21.2718,1.580084243562822
316.03,21.2718,1.580084243562822
317.03,21.2718,1.5850836173801164
317.03,21.2718,1.5850836173801164
317.05,20.949499999999997,0.15852493360399017
317.05,20.949499999999997,0.15852493360399017
319.01,20.949499999999997,0.15950493236498375
319.01,20.949499999999997,0.15950493236498375
319.04,21.2718,1.5951323467527558
319.04,21.2718,1.5951323467527558
320.01,20.949499999999997,0.16000493172694188
320.01,20.949499999999997,0.16000493172694188
320.04,21.2718,1.6001317086044877
320.04,21.2718,1.6001317086044877
321.0,20.949499999999997,0.16049993109134014
321.0,20.949499999999997,0.16049993109134014
322.02,21.2718,1.6100304332570998
322.02,21.2718,1.6100304332570998
322.06,20.949499999999997,0.16102993040643696
322.06,20.949499999999997,0.16102993040643696
323.04,20.949499999999997,0.1615199297692008
323.04,20.949499999999997,0.1615199297692008
323.04,21.2718,1.6151297701077136
323.04,21.2718,1.6151297701077136
325.0,20.949499999999997,0.16249992848308237
325.0,20.949499999999997,0.16249992848308237
325.01,21.2718,1.6249784774155376
325.01,21.2718,1.6249784774155376
326.01,20.949499999999997,0.1630049278142505
326.01,20.949499999999997,0.1630049278142505
326.04,21.594099999999997,1.630127795270519
326.04,21.2718,1.630127795270519
328.0,21.2718,1.6399264852553002
328.0,21.2718,1.6399264852553002
328.01,20.949499999999997,0.16400492647755235
328.01,20.949499999999997,0.16400492647755235
329.01,20.949499999999997,0.16450492580305937
329.01,20.949499999999997,0.16450492580305937
329.02,21.2718,1.6450257972877371
329.02,21.2718,1.6450257972877371
331.01,20.949499999999997,0.16550492444172302
331.01,20.949499999999997,0.16550492444172302
331.01,21.594099999999997,1.654974442747483
331.01,21.2718,1.654974442747483
332.0,21.594099999999997,1.659923762783737
332.0,21.2718,1.659923762783737
332.04,20.949499999999997,0.16601992373418453
332.04,20.949499999999997,0.16601992373418453
333.0,21.594099999999997,1.6649230718225687
333.0,21.2718,1.6649230718225687
333.04,20.949499999999997,0.16651992304304136
333.04,20.949499999999997,0.16651992304304136
334.01,20.949499999999997,0.16700492236865505
334.01,20.949499999999997,0.16700492236865505
334.04,21.2718,1.6701223488074008
334.04,21.2718,1.6701223488074008
335.03,20.949499999999997,0.167514921655269
335.03,20.949499999999997,0.167514921655269
335.05,21.594099999999997,1.6751716423260836
335.05,21.2718,1.6751716423260836
337.02,20.949499999999997,0.16850992025091227
337.02,20.949499999999997,0.16850992025091227
337.04,21.594099999999997,1.6851202378348875
337.04,21.594099999999997,1.6851202378348875
338.02,21.2718,1.6900195400511413
338.02,21.2718,1.6900195400511413
338.05,20.949499999999997,0.16902491951748833
338.05,20.949499999999997,0.16902491951748833
340.03,20.949499999999997,0.1700149180950016
340.03,20.949499999999997,0.1700149180950016
340.05,21.594099999999997,1.7001680817204303
340.05,21.594099999999997,1.7001680817204303
341.02,21.2718,1.7050173787046665
341.02,21.2718,1.7050173787046665
341.03,20.949499999999997,0.17051491737024696
341.03,20.949499999999997,0.17051491737024696
343.0,20.949499999999997,0.1714999159299978
343.0,20.949499999999997,0.1714999159299978
343.06,21.2718,1.715215887096741
343.06,21.2718,1.715215887096741
344.03,21.594099999999997,1.7200651715984085
344.03,21.594099999999997,1.7200651715984085
344.06,20.949499999999997,0.17202991514816215
344.06,20.949499999999997,0.17202991514816215
346.0,20.949499999999997,0.17299991370472959
346.0,20.949499999999997,0.17299991370472959
346.03,21.2718,1.7300636835598868
346.03,21.594099999999997,1.7300636835598868
347.02,20.949499999999997,0.1735099129392882
347.02,20.949499999999997,0.1735099129392882
347.03,21.594099999999997,1.7350629330591363
347.03,21.2718,1.7350629330591363
348.0,21.594099999999997,1.739912200929113
348.0,21.2718,1.739912200929113
349.04,20.949499999999997,0.17451991141008272
349.04,20.949499999999997,0.17451991141008272
349.04,21.594099999999997,1.7451114114182689
349.04,21.2718,1.7451114114182689
350.04,20.949499999999997,0.17501991064646855
350.04,20.949499999999997,0.17501991064646855
350.08,21.594099999999997,1.7503106171886433
350.08,21.594099999999997,1.7503106171886433
352.01,20.949499999999997,0.17600490912933656
352.01,20.949499999999997,0.17600490912933656
352.02,21.594099999999997,1.7600091229854609
352.02,21.594099999999997,1.7600091229854609
353.01,20.949499999999997,0.1765049083526906
353.01,20.949499999999997,0.1765049083526906
353.02,21.2718,1.7650083463153585
353.02,21.594099999999997,1.7650083463153585
355.01,20.949499999999997,0.17750490678614833
355.01,20.949499999999997,0.17750490678614833
355.04,21.594099999999997,1.7751067639697187
355.04,21.594099999999997,1.7751067639697187
356.03,20.949499999999997,0.17801490598038325
356.03,20.949499999999997,0.17801490598038325
356.04,21.594099999999997,1.7801059739356813
356.04,21.2718,1.7801059739356813
358.03,20.949499999999997,0.17901490438699924
358.03,20.949499999999997,0.17901490438699924
358.04,21.594099999999997,1.7901043805043138
358.04,21.2718,1.7901043805043138
359.04,21.594099999999997,1.795103577081988
359.04,21.594099999999997,1.795103577081988
359.06,20.949499999999997,0.1795299035594292
359.06,20.949499999999997,0.1795299035594292
361.01,21.594099999999997,1.8049519811994694
361.01,21.594099999999997,1.8049519811994694
361.02,20.949499999999997,0.18050990197147287
361.02,20.949499999999997,0.18050990197147287
362.04,20.949499999999997,0.18101990113823493
362.04,20.949499999999997,0.18101990113823493
362.06,21.594099999999997,1.8102011234538862
362.06,21.594099999999997,1.8102011234538862
363.0,20.949499999999997,0.18149990034971017
363.0,20.949499999999997,0.18149990034971017
364.01,21.2718,1.8199495172497404
364.01,21.594099999999997,1.8199495172497404
364.05,20.949499999999997,0.18202489948247266
364.05,20.949499999999997,0.18202489948247266
365.0,20.949499999999997,0.18249989869350647
365.0,20.949499999999997,0.18249989869350647
365.01,21.594099999999997,1.8249486868500804
365.01,21.594099999999997,1.8249486868500804
367.04,20.949499999999997,0.18351989698537685
367.04,20.949499999999997,0.18351989698537685
367.05,21.594099999999997,1.8351469786743375
367.05,21.594099999999997,1.8351469786743375
368.01,20.949499999999997,0.18400489616648671
368.01,20.949499999999997,0.18400489616648671
368.03,21.594099999999997,1.8400461512975166
368.03,21.594099999999997,1.8400461512975166
369.0,21.594099999999997,1.8448953280127962
369.0,21.594099999999997,1.8448953280127962
370.02,20.949499999999997,0.18500989445582133
370.02,20.949499999999997,0.18500989445582133
370.02,21.594099999999997,1.8499944576095475
370.02,21.594099999999997,1.8499944576095475
371.02,20.949499999999997,0.18550989359778935
371.02,20.949499999999997,0.18550989359778935
371.04,21.594099999999997,1.855093582394463
371.04,21.594099999999997,1.855093582394463
373.01,21.594099999999997,1.8649418783575962
373.01,21.594099999999997,1.8649418783575962
373.06,20.949499999999997,0.18652989183300997
373.06,20.949499999999997,0.18652989183300997
374.01,21.594099999999997,1.8699410064466668
374.01,21.594099999999997,1.8699410064466668
374.06,20.949499999999997,0.1870298909608405
374.06,20.949499999999997,0.1870298909608405
376.02,21.594099999999997,1.879989239751308
376.02,21.594099999999997,1.879989239751308
376.04,20.949499999999997,0.18801988922013851
376.04,20.949499999999997,0.18801988922013851
377.04,20.949499999999997,0.18851988833399844
377.04,20.949499999999997,0.18851988833399844
377.04,21.594099999999997,1.8850883359628399
377.04,21.594099999999997,1.8850883359628399
379.01,20.949499999999997,0.189504886574503
379.01,20.949499999999997,0.189504886574503
379.03,21.594099999999997,1.895036558562794
379.03,21.594099999999997,1.895036558562794
380.01,20.949499999999997,0.19000488567432874
380.01,20.949499999999997,0.19000488567432874
380.03,21.594099999999997,1.9000356583204085
380.03,21.594099999999997,1.9000356583204085
381.0,20.949499999999997,0.19049988477847718
381.0,20.949499999999997,0.19049988477847718
381.01,21.594099999999997,1.9049347714744151
381.01,21.594099999999997,1.9049347714744151
382.01,20.949499999999997,0.1910048838597174
382.01,20.949499999999997,0.1910048838597174
382.02,21.594099999999997,1.909983852694039
382.02,21.594099999999997,1.909983852694039
383.06,20.949499999999997,0.1915298828994066
383.06,20.949499999999997,0.1915298828994066
383.06,21.594099999999997,1.915182901532916
383.06,21.594099999999997,1.915182901532916
385.01,21.594099999999997,1.9249311041366668
385.01,21.594099999999997,1.9249311041366668
385.05,20.949499999999997,0.19252488106489368
385.05,20.949499999999997,0.19252488106489368
386.0,20.949499999999997,0.19299988018240566
386.0,20.949499999999997,0.19299988018240566
386.04,21.594099999999997,1.9300801473631533
386.04,21.594099999999997,1.9300801473631533
388.02,21.594099999999997,1.939978293738224
388.02,21.594099999999997,1.939978293738224
388.05,20.949499999999997,0.19402487826323853
388.05,20.949499999999997,0.19402487826323853
389.03,21.594099999999997,1.9450273408852012
389.03,21.594099999999997,1.9450273408852012
389.07,20.949499999999997,0.19453487730074795
389.07,20.949499999999997,0.19453487730074795
391.01,20.949499999999997,0.19550487545615397
391.01,20.949499999999997,0.19550487545615397
391.03,21.594099999999997,1.9550254393987874
391.03,21.594099999999997,1.9550254393987874
392.03,21.594099999999997,1.9600244813304843
392.03,21.594099999999997,1.9600244813304843
392.07,20.949499999999997,0.19603487444051745
392.07,20.949499999999997,0.19603487444051745
393.01,21.594099999999997,1.9649235376695884
393.01,21.594099999999997,1.9649235376695884
394.03,20.949499999999997,0.19701487254803243
394.03,20.949499999999997,0.19701487254803243
394.03,21.594099999999997,1.9700225504811966
394.03,21.594099999999997,1.9700225504811966
395.03,20.949499999999997,0.19751487157519523
395.03,20.949499999999997,0.19751487157519523
395.1,21.594099999999997,1.9753715093940318
395.1,21.594099999999997,1.9753715093940318
397.04,20.949499999999997,0.1985198696048424
397.04,20.949499999999997,0.1985198696048424
397.04,21.594099999999997,1.985069607386122
397.04,21.594099999999997,1.985069607386122
398.01,21.594099999999997,1.9899186493838004
398.01,21.594099999999997,1.9899186493838004
398.04,20.949499999999997,0.19901986861710438
398.04,20.949499999999997,0.19901986861710438
399.0,20.949499999999997,0.1994998676641951
399.0,20.949499999999997,0.1994998676641951
399.0,21.594099999999997,1.9948676668022247
399.0,21.594099999999997,1.9948676668022247
400.02,20.949499999999997,0.20000986664669235
400.02,20.949499999999997,0.20000986664669235
400.05,21.594099999999997,2.000116619328725
400.05,21.594099999999997,2.000116619328725
401.0,20.949499999999997,0.20049986566419162
401.0,20.949499999999997,0.20049986566419162
401.02,21.594099999999997,2.0049656467642705
401.02,21.594099999999997,2.0049656467642705
402.06,20.949499999999997,0.2010298645960668
402.06,20.949499999999997,0.2010298645960668
403.08,20.949499999999997,0.2015398635629175
403.08,20.949499999999997,0.2015398635629175
404.07,21.594099999999997,2.0202125579190553
404.07,21.594099999999997,2.0202125579190553
405.0,21.594099999999997,2.024861606743775
405.0,21.594099999999997,2.024861606743775
405.05,20.949499999999997,0.2025248615526705
405.05,20.949499999999997,0.2025248615526705
406.03,21.594099999999997,2.0300105481814237
406.03,21.594099999999997,2.0300105481814237
406.05,20.949499999999997,0.20302486052472787
406.05,20.949499999999997,0.20302486052472787
407.0,21.594099999999997,2.034859546360366
407.0,21.594099999999997,2.034859546360366
408.0,20.949499999999997,0.20399985850562946
408.0,20.949499999999997,0.20399985850562946
408.01,21.594099999999997,2.039908498140292
408.01,21.594099999999997,2.039908498140292
409.01,20.949499999999997,0.20450485745222244
409.01,20.949499999999997,0.20450485745222244
409.08,21.594099999999997,2.0452573819744155
409.08,21.594099999999997,2.0452573819744155
410.01,20.949499999999997,0.20500485640410704
410.01,20.949499999999997,0.20500485640410704
411.01,20.949499999999997,0.2055048553508665
411.01,20.949499999999997,0.2055048553508665
411.05,21.594099999999997,2.055105311655405
411.05,21.594099999999997,2.055105311655405
412.01,20.949499999999997,0.20600485429248835
412.01,20.949499999999997,0.20600485429248835
412.06,21.594099999999997,2.0601542424970143
412.06,21.594099999999997,2.0601542424970143
413.0,21.594099999999997,2.064853242718649
413.0,21.594099999999997,2.064853242718649
414.0,20.949499999999997,0.20699985217098169
414.0,20.949499999999997,0.20699985217098169
414.08,21.594099999999997,2.0702520884056312
414.08,21.594099999999997,2.0702520884056312
415.02,21.594099999999997,2.0749510788125933
415.02,21.594099999999997,2.0749510788125933
415.03,20.949499999999997,0.20751485106487297
415.03,20.949499999999997,0.20751485106487297
416.0,20.949499999999997,0.2079998500181658
416.0,20.949499999999997,0.2079998500181658
417.01,21.594099999999997,2.084898926346878
417.01,21.594099999999997,2.084898926346878
417.05,20.949499999999997,0.20852484887961728
417.05,20.949499999999997,0.20852484887961728
418.01,21.594099999999997,2.08989783691967
418.01,21.594099999999997,2.08989783691967
418.06,20.949499999999997,0.209029847779019
418.06,20.949499999999997,0.209029847779019
419.01,21.594099999999997,2.0948967422677183
419.01,21.594099999999997,2.0948967422677183
420.02,21.594099999999997,2.0999456313531417
420.02,21.594099999999997,2.0999456313531417
420.05,20.949499999999997,0.2100248455949025
420.05,20.949499999999997,0.2100248455949025
421.05,20.949499999999997,0.21052484448951303
421.05,20.949499999999997,0.21052484448951303
421.06,21.594099999999997,2.1051444818446154
421.06,21.594099999999997,2.1051444818446154
423.02,20.949499999999997,0.21150984229648687
423.02,20.949499999999997,0.21150984229648687
423.02,21.594099999999997,2.114942299979081
423.02,21.594099999999997,2.114942299979081
424.02,20.949499999999997,0.21200984117542934
424.02,20.949499999999997,0.21200984117542934
424.05,21.594099999999997,2.1200911452507096
424.05,21.594099999999997,2.1200911452507096
425.0,20.949499999999997,0.2124998400716507
425.0,20.949499999999997,0.2124998400716507
426.05,21.594099999999997,2.130088886987763
426.05,21.594099999999997,2.130088886987763
426.11,20.949499999999997,0.21305483881528964
426.11,20.949499999999997,0.21305483881528964
427.06,20.949499999999997,0.21352983773481443
427.06,20.949499999999997,0.21352983773481443
427.14,21.594099999999997,2.135537647272901
427.14,21.594099999999997,2.135537647272901
429.0,20.949499999999997,0.21449983551339413
429.0,20.949499999999997,0.21449983551339413
429.05,21.594099999999997,2.1450854596229343
429.05,21.594099999999997,2.1450854596229343
430.01,20.949499999999997,0.21500483434889844
430.01,20.949499999999997,0.21500483434889844
430.07,21.594099999999997,2.1501842833411673
430.07,21.594099999999997,2.1501842833411673
432.03,20.949499999999997,0.21601483200344473
432.03,20.949499999999997,0.21601483200344473
432.03,21.594099999999997,2.1599820073250955
432.03,21.594099999999997,2.1599820073250955
433.02,20.949499999999997,0.2165098308459004
433.02,20.949499999999997,0.2165098308459004
433.03,21.594099999999997,2.164980838106391
433.03,21.594099999999997,2.164980838106391
435.01,21.594099999999997,2.1748785070734957
435.01,21.594099999999997,2.1748785070734957
435.02,20.949499999999997,0.2175098284912301
435.02,20.949499999999997,0.2175098284912301
436.05,21.594099999999997,2.1800772741601584
436.05,21.594099999999997,2.1800772741601584
436.06,20.949499999999997,0.2180298272582119
436.06,20.949499999999997,0.2180298272582119
437.0,21.594099999999997,2.184826142789803
437.0,21.594099999999997,2.184826142789803
438.04,21.594099999999997,2.1900248985844595
438.04,21.594099999999997,2.1900248985844595
438.05,20.949499999999997,0.21902482488243394
438.05,20.949499999999997,0.21902482488243394
439.05,20.949499999999997,0.21952482368039575
439.05,20.949499999999997,0.21952482368039575
439.09,21.594099999999997,2.195273636408045
439.09,21.594099999999997,2.195273636408045
441.05,20.949499999999997,0.22052482125984255
441.05,20.949499999999997,0.22052482125984255
441.06,21.9164,2.2051212519875762
441.06,21.594099999999997,2.2051212519875762
442.03,20.949499999999997,0.22101482006572742
442.03,20.949499999999997,0.22101482006572742
442.06,21.594099999999997,2.2101200334413442
442.06,21.594099999999997,2.2101200334413442
444.04,21.594099999999997,2.2200176044070203
444.04,21.594099999999997,2.2200176044070203
444.05,20.949499999999997,0.22202481758763307
444.05,20.949499999999997,0.22202481758763307
445.04,21.594099999999997,2.225016369358525
445.04,21.594099999999997,2.225016369358525
445.07,20.949499999999997,0.22253481632771885
445.07,20.949499999999997,0.22253481632771885
446.01,21.594099999999997,2.2298651660468747
446.01,21.594099999999997,2.2298651660468747
447.01,21.9164,2.2348639200282334
447.01,21.9164,2.2348639200282334
447.04,20.949499999999997,0.22351981387795852
447.04,20.949499999999997,0.22351981387795852
448.02,20.949499999999997,0.22400981265122458
448.02,20.949499999999997,0.22400981265122458
448.02,21.594099999999997,2.2399126558781175
448.02,21.9164,2.2399126558781175
450.02,20.949499999999997,0.22500981013098445
450.02,20.949499999999997,0.22500981013098445
450.03,21.9164,2.2499601230856827
450.03,21.9164,2.2499601230856827
451.02,20.949499999999997,0.22550980886243277
451.02,20.949499999999997,0.22550980886243277
451.02,21.9164,2.254908867244234
451.02,21.9164,2.254908867244234
452.0,20.949499999999997,0.2259998076137825
452.0,20.949499999999997,0.2259998076137825
453.01,21.594099999999997,2.2648563261486427
453.01,21.594099999999997,2.2648563261486427
453.04,20.949499999999997,0.22651980628274918
453.04,20.949499999999997,0.22651980628274918
454.0,20.949499999999997,0.2269998050486669
454.0,20.949499999999997,0.2269998050486669
454.07,21.594099999999997,2.270154963453649
454.07,21.9164,2.270154963453649
455.03,20.949499999999997,0.22751480371878316
455.03,20.949499999999997,0.22751480371878316
456.01,21.9164,2.2798524529386537
456.01,21.9164,2.2798524529386537
456.05,20.949499999999997,0.22802480239586426
456.05,20.949499999999997,0.22802480239586426
457.01,21.594099999999997,2.2848511504860567
457.01,21.594099999999997,2.2848511504860567
458.0,21.9164,2.289799855431296
458.0,21.9164,2.289799855431296
458.03,20.949499999999997,0.22901479981090248
458.03,20.949499999999997,0.22901479981090248
459.03,20.949499999999997,0.2295147984968416
459.03,20.949499999999997,0.2295147984968416
459.06,21.594099999999997,2.295098462587021
459.06,21.9164,2.295098462587021
460.07,21.9164,2.3001471294452123
460.07,21.9164,2.3001471294452123
461.04,20.949499999999997,0.230519795838209
461.04,20.949499999999997,0.230519795838209
462.0,20.949499999999997,0.23099979456020484
462.0,20.949499999999997,0.23099979456020484
462.02,21.9164,2.3098945389507
462.02,21.9164,2.3098945389507
463.0,20.949499999999997,0.23149979322329087
463.0,20.949499999999997,0.23149979322329087
463.06,21.9164,2.31509314838096
463.06,21.9164,2.31509314838096
464.02,20.949499999999997,0.23200979185367623
464.02,20.949499999999997,0.23200979185367623
465.02,21.9164,2.3248905106646336
465.02,21.9164,2.3248905106646336
465.06,20.949499999999997,0.2325297904509931
465.06,20.949499999999997,0.2325297904509931
466.06,21.9164,2.330089101998958
466.06,21.9164,2.330089101998958
467.01,20.949499999999997,0.23350478780400408
467.01,20.949499999999997,0.23350478780400408
468.02,20.949499999999997,0.2340097864242793
468.02,20.949499999999997,0.2340097864242793
468.05,21.9164,2.3400363889972633
468.05,21.9164,2.3400363889972633
469.0,20.949499999999997,0.23449978507983205
469.0,20.949499999999997,0.23449978507983205
469.04,21.9164,2.344985030689678
469.04,21.9164,2.344985030689678
470.0,21.9164,2.349783708055781
470.0,21.594099999999997,2.349783708055781
470.06,20.949499999999997,0.23502978361929502
470.06,20.949499999999997,0.23502978361929502
471.0,21.594099999999997,2.3547823245550052
471.0,21.594099999999997,2.3547823245550052
471.1,20.949499999999997,0.23554978217989914
471.1,20.949499999999997,0.23554978217989914
472.03,21.9164,2.3599308933945573
472.03,21.9164,2.3599308933945573
473.0,20.949499999999997,0.2364997795337763
473.0,20.949499999999997,0.2364997795337763
474.02,20.949499999999997,0.23700977810442664
474.02,20.949499999999997,0.23700977810442664
474.02,21.9164,2.3698781105965856
474.02,21.9164,2.3698781105965856
475.02,20.949499999999997,0.2375097766971191
475.02,20.949499999999997,0.2375097766971191
475.04,21.9164,2.3749766751490293
475.04,21.9164,2.3749766751490293
476.0,20.949499999999997,0.237999775312197
476.0,20.949499999999997,0.237999775312197
477.0,21.9164,2.3847738994868988
477.0,21.594099999999997,2.3847738994868988
477.02,20.949499999999997,0.23850977386467828
477.02,20.949499999999997,0.23850977386467828
478.03,21.9164,2.389922431673606
478.03,21.9164,2.389922431673606
479.01,20.949499999999997,0.2395047710227274
479.01,20.949499999999997,0.2395047710227274
480.01,20.949499999999997,0.2400047695856661
480.01,20.949499999999997,0.2400047695856661
480.03,21.9164,2.3999195634348025
480.03,21.9164,2.3999195634348025
481.03,21.9164,2.404918120321951
481.03,21.9164,2.404918120321951
482.0,21.9164,2.4097667147581565
482.0,21.9164,2.4097667147581565
482.02,20.949499999999997,0.2410097666790094
482.02,20.949499999999997,0.2410097666790094
483.01,21.9164,2.4148152452089877
483.01,21.9164,2.4148152452089877
483.05,20.949499999999997,0.2415247651801019
483.05,20.949499999999997,0.2415247651801019
484.0,20.949499999999997,0.24199976379193586
484.0,20.949499999999997,0.24199976379193586
484.05,21.9164,2.4200137255742273
484.05,21.9164,2.4200137255742273
485.04,20.949499999999997,0.2425197622659984
485.04,20.949499999999997,0.2425197622659984
486.0,21.9164,2.4297608586106394
486.0,21.9164,2.4297608586106394
486.01,20.949499999999997,0.24300476083685807
486.01,20.949499999999997,0.24300476083685807
487.01,21.9164,2.434809364596361
487.01,21.9164,2.434809364596361
488.02,20.949499999999997,0.24400975785723622
488.02,20.949499999999997,0.24400975785723622
488.04,21.9164,2.4399578346025272
488.04,21.9164,2.4399578346025272
489.04,20.949499999999997,0.24451975633576895
489.04,20.949499999999997,0.24451975633576895
490.0,20.949499999999997,0.24499975489799025
490.0,20.949499999999997,0.24499975489799025
490.02,21.9164,2.4498548752604643
490.02,21.9164,2.4498548752604643
491.02,20.949499999999997,0.24550975336416506
491.02,20.949499999999997,0.24550975336416506
491.06,21.9164,2.4550533112465915
491.06,21.9164,2.4550533112465915
492.03,20.949499999999997,0.2460147518390853
492.03,20.949499999999997,0.2460147518390853
493.03,21.9164,2.4649003304347423
493.03,21.9164,2.4649003304347423
494.03,20.949499999999997,0.24701474880060043
494.03,20.949499999999997,0.24701474880060043
494.03,21.9164,2.4698988081873385
494.03,21.9164,2.4698988081873385
495.01,21.9164,2.474797310394224
495.01,21.9164,2.474797310394224
495.03,20.949499999999997,0.2475147472721012
495.03,20.949499999999997,0.2475147472721012
496.06,21.9164,2.480045699021788
496.06,21.9164,2.480045699021788
497.03,21.9164,2.4848942043466598
497.03,21.9164,2.4848942043466598
497.07,20.949499999999997,0.24853474413476195
497.07,20.949499999999997,0.24853474413476195
498.07,20.949499999999997,0.24903474258741284
498.07,20.949499999999997,0.24903474258741284
499.0,21.9164,2.494741150767263
499.0,21.9164,2.494741150767263
500.0,21.9164,2.4997395914712333
500.0,21.9164,2.4997395914712333
500.01,20.949499999999997,0.2500047395677894
500.01,20.949499999999997,0.2500047395677894
